53 857
48 25 382
13 48 550
51 34 280
15 50 550
37 44 73
7 15 398
20 12 184
15 27 929
13 17 734
28 45 11
38 29 747
47 23 482
53 48 401
52 37 686
3 35 127
22 40 344
52 5 858
28 29 743
4 43 938
27 20 611
15 3 105
27 47 111
52 6 393
10 13 30
6 8 366
24 7 213
27 36 404
25 21 45
41 4 587
23 52 781
39 49 479
33 17 322
19 41 511
6 19 993
35 16 721
32 3 189
26 19 40
27 23 283
42 47 452
35 19 864
5 40 103
51 15 233
21 42 188
15 2 428
50 3 937
17 32 895
27 18 700
14 20 418
25 9 26
29 48 946
47 47 345
8 15 517
16 12 974
7 30 427
31 15 364
25 25 322
28 33 464
6 28 521
4 25 246
17 11 308
51 6 221
32 23 110
46 1 399
32 33 1000
52 17 992
22 17 28
17 44 111
38 31 319
14 16 175
52 50 443
11 37 717
52 48 501
9 48 700
22 28 151
36 18 119
22 36 318
50 5 240
2 26 287
2 3 258
4 51 689
37 8 995
49 25 897
22 14 885
27 1 874
8 9 389
15 19 98
22 20 195
18 12 976
10 9 687
2 27 630
8 5 635
2 28 578
25 45 992
38 14 742
1 32 627
23 38 938
50 2 747
49 4 981
11 38 729
30 26 432
31 50 616
13 32 383
44 28 955
32 41 805
10 29 1
5 1 669
4 31 348
36 23 503
12 35 212
37 3 470
45 10 365
6 20 494
27 11 38
29 32 716
35 50 564
40 8 246
46 23 559
12 27 735
31 31 130
31 24 115
26 53 566
51 41 685
44 11 944
50 30 67
16 29 363
29 49 625
16 2 139
49 21 219
25 34 312
46 4 252
9 34 865
24 45 981
23 7 929
14 45 29
48 31 150
23 17 865
30 19 418
45 26 972
13 22 58
52 20 714
14 26 211
13 24 33
14 1 213
39 1 809
9 2 7
11 46 297
2 22 29
1 21 607
48 16 705
50 17 77
26 18 603
40 19 1000
12 14 178
7 45 403
37 23 623
36 38 375
11 33 548
16 43 322
16 31 259
49 16 86
50 6 27
12 15 941
51 10 310
44 7 179
7 7 212
23 16 910
44 27 703
25 29 564
39 9 689
6 14 693
50 38 19
43 49 483
32 26 439
20 18 201
14 37 124
42 17 922
7 14 338
44 52 604
6 26 297
17 35 892
32 31 381
1 53 991
28 7 587
29 22 817
39 44 135
23 28 558
51 43 678
19 19 446
7 12 315
33 12 727
1 30 826
17 51 732
19 17 605
28 21 365
30 22 243
2 39 151
31 25 867
26 9 409
9 46 889
35 26 182
35 24 296
35 37 934
1 40 709
47 16 141
42 14 856
9 5 439
18 51 739
22 43 116
35 25 702
4 30 747
40 30 625
51 11 53
50 11 281
36 3 620
45 19 701
25 16 417
7 20 157
26 26 363
13 26 657
4 33 947
21 39 920
6 22 601
14 21 633
38 49 200
4 7 291
4 1 32
31 14 591
40 41 777
37 27 625
5 36 367
20 16 198
27 19 303
44 15 927
39 37 477
32 28 132
38 33 361
12 5 300
50 21 828
12 52 428
29 5 769
13 46 877
42 13 395
32 11 439
3 17 607
20 49 853
36 33 823
23 5 233
13 36 973
51 30 862
12 30 985
20 1 441
36 45 405
8 22 118
31 1 12
18 41 419
34 17 608
41 31 698
5 28 235
28 18 64
36 15 26
23 4 310
27 40 815
42 29 646
36 29 506
51 19 816
51 24 294
42 16 658
8 27 604
23 42 633
21 7 207
49 42 602
9 24 157
36 53 189
43 48 467
42 32 92
44 40 504
39 45 590
8 47 25
43 2 551
9 36 315
34 50 796
51 26 92
4 3 836
9 9 898
47 20 795
37 5 638
38 1 724
26 42 303
50 1 926
16 13 494
27 49 204
28 36 74
29 11 262
49 32 508
8 48 698
3 41 425
15 35 482
33 7 237
39 22 806
8 20 247
23 49 640
26 20 33
30 25 298
50 23 568
34 2 315
12 10 973
1 16 238
12 24 152
34 10 654
16 46 772
25 23 398
25 44 82
26 39 125
21 8 63
46 19 960
6 2 785
11 52 447
16 9 263
40 49 756
1 36 450
13 14 615
52 33 213
12 28 454
22 50 265
9 20 322
39 53 341
3 8 673
38 39 761
3 19 989
18 38 711
15 46 29
10 42 581
48 19 969
13 3 28
18 52 447
53 7 318
48 48 854
41 2 642
8 32 318
23 10 737
46 48 517
44 43 248
41 37 696
20 10 423
27 42 7
47 26 216
30 39 116
2 47 945
24 19 570
14 27 733
4 9 425
21 15 765
26 34 680
35 10 197
8 19 568
14 39 285
49 22 74
4 17 270
19 32 155
14 18 385
45 37 309
34 6 102
28 1 992
50 48 137
35 36 795
43 5 783
44 2 750
14 32 467
49 44 198
32 50 532
43 43 611
23 43 247
23 2 138
46 49 437
20 34 487
45 52 191
24 5 529
28 37 618
21 21 878
40 29 536
20 48 241
25 24 201
6 24 280
53 20 638
53 24 697
17 8 216
18 4 412
39 36 781
49 30 676
29 34 358
22 25 471
25 47 886
6 37 160
46 46 816
23 45 101
14 34 882
12 26 332
6 15 890
12 32 923
46 44 905
10 11 253
14 35 301
4 21 129
52 25 866
27 46 333
15 53 463
4 22 882
19 50 310
44 14 172
49 8 329
7 49 26
41 34 421
42 4 268
41 28 576
49 31 820
24 32 48
35 5 995
34 13 97
44 53 722
2 36 788
11 1 807
7 40 223
1 43 147
5 5 786
53 41 130
33 44 34
12 43 236
28 25 162
14 36 105
39 8 817
28 9 938
14 46 284
5 44 509
28 8 635
4 45 265
42 7 740
42 20 409
7 31 197
19 49 653
17 47 852
5 18 32
1 6 285
23 21 131
39 40 525
33 2 539
20 44 22
40 42 568
6 13 870
26 11 513
7 26 14
22 33 795
21 16 880
13 23 727
37 51 236
30 30 839
29 17 893
48 37 458
30 38 608
39 50 554
3 28 915
45 2 325
23 44 747
18 49 930
34 23 492
44 42 296
9 19 305
15 42 964
30 45 279
47 52 645
16 3 38
46 31 13
5 32 482
46 29 884
49 45 827
40 21 789
41 33 14
53 38 284
45 6 851
31 44 216
4 10 259
28 24 809
12 50 980
7 43 60
14 14 656
43 18 18
50 50 907
48 7 302
40 37 315
53 22 482
47 18 937
45 18 479
42 41 105
13 43 391
2 35 981
47 39 927
29 6 320
38 13 425
53 3 703
22 23 699
47 1 576
5 10 921
29 20 749
11 24 107
39 11 42
43 39 488
1 48 987
39 34 475
3 6 719
34 30 961
17 38 85
43 6 961
32 47 676
26 43 140
11 36 907
34 28 603
15 48 101
4 48 620
34 49 181
42 28 415
21 10 480
36 46 981
10 15 223
52 26 579
48 17 711
24 30 240
9 6 223
33 15 701
16 52 448
23 15 500
24 43 695
24 46 142
39 4 65
39 42 191
5 13 261
5 25 326
49 33 63
3 1 249
46 35 959
13 19 170
52 28 708
29 50 84
51 46 215
53 53 610
19 2 321
1 15 870
14 51 988
47 7 148
13 44 384
10 50 311
26 41 354
46 22 370
19 36 107
18 44 652
34 24 287
29 31 7
20 15 518
27 29 734
8 44 323
14 48 396
23 48 794
7 1 967
13 15 747
10 52 64
18 40 443
47 22 789
29 39 112
33 33 954
10 53 812
25 38 258
12 22 801
17 25 504
38 38 467
24 1 399
2 53 62
1 18 224
11 5 905
29 37 527
9 22 324
9 53 941
13 53 332
21 52 326
25 18 683
2 4 693
32 32 17
35 53 639
25 32 953
33 1 839
23 33 189
42 11 407
10 38 591
8 50 971
35 40 637
7 29 687
3 52 241
52 53 665
23 19 352
39 6 855
11 48 348
38 12 272
43 50 642
18 10 681
19 39 149
24 41 618
53 46 31
30 18 125
33 25 994
6 42 293
17 27 521
18 37 641
33 8 700
33 51 295
41 35 467
26 44 986
32 46 274
6 32 520
46 20 936
5 15 105
3 38 168
40 6 238
36 40 911
47 53 555
44 38 887
52 49 478
35 32 104
16 4 357
36 6 154
47 31 199
32 30 236
34 53 153
45 50 670
12 8 917
44 44 859
40 52 114
5 34 432
51 25 100
50 49 25
30 16 94
10 28 153
18 32 133
3 46 960
5 27 459
34 1 704
44 10 953
51 3 317
22 37 381
11 43 620
44 24 570
17 45 261
49 53 482
21 3 355
29 43 717
9 23 918
39 16 991
15 34 370
37 15 873
17 18 376
39 24 185
42 37 637
40 31 15
7 6 577
33 40 972
36 7 724
40 34 688
46 41 932
38 45 936
30 13 989
42 53 540
25 27 649
39 52 965
23 6 246
3 5 54
31 30 102
30 52 334
5 45 365
22 38 205
6 47 661
24 50 141
8 11 876
30 20 801
26 36 355
52 19 994
40 38 234
47 50 502
24 16 715
52 15 404
45 42 492
29 19 571
20 25 402
34 52 177
34 4 718
39 10 532
3 45 409
29 18 96
30 41 713
17 15 305
45 51 381
48 38 619
27 39 967
17 5 222
6 4 252
47 12 126
44 19 840
50 41 295
22 19 339
26 1 787
24 20 206
47 36 942
17 12 145
48 39 929
47 34 427
24 15 824
36 52 949
18 23 267
38 9 890
47 48 788
33 35 793
48 41 267
26 28 704
36 48 521
44 3 555
42 1 920
15 25 204
37 43 563
2 14 414
13 47 71
31 37 737
18 2 655
51 38 983
15 43 550
12 46 278
48 40 334
43 19 835
13 9 909
53 19 127
48 51 646
20 28 57
52 24 135
18 48 446
13 4 432
15 15 922
43 40 840
41 11 458
18 18 323
13 2 970
51 44 919
35 4 920
7 52 378
53 33 481
2 40 179
43 9 721
40 40 871
17 21 470
38 6 292
4 27 768
8 16 894
15 26 686
17 26 862
38 28 879
6 16 174
33 9 99
34 31 438
43 34 555
31 27 390
5 19 873
5 33 500
20 35 399
53 30 509
40 9 625
3 10 63
33 21 523
16 22 701
6 30 129
15 32 659
6 27 551
31 45 308
41 23 248
39 20 27
47 45 877
47 43 281
27 16 250
18 34 265
2 49 97
8 29 882
15 14 351
8 45 183
6 10 994
40 20 930
10 14 392
52 46 35
49 47 552
41 10 200
30 29 804
51 2 499
34 11 161
50 28 100
35 22 513
10 26 395
49 11 966
13 52 223
9 3 116
22 3 520
6 18 76
28 51 978
16 32 845
21 27 624
52 32 313
44 22 407
23 39 856
37 46 611
39 17 183
3 14 923
16 11 374
11 13 581
23 14 503
45 1 576
44 47 899
2 24 999
5 41 179
38 43 668
32 44 150
21 12 298
39 13 355
2 12 702
26 21 984
21 19 913
51 32 887
10 46 165
26 27 620
22 41 391
50 9 418
17 6 991
41 17 850
30 43 706
33 43 667
1 17 135
31 8 155
53 29 735
49 49 381
34 21 23
28 31 973
5 51 724
46 39 373
14 24 549
52 8 860
1 10 339
13 28 387
25 13 167
47 14 375
23 12 561
50 20 389
8 46 241
25 1 795
7 9 605
48 26 404
20 13 232
30 35 248
21 22 679
