69 1876
64 31 691
61 25 975
1 11 141
63 56 937
41 63 223
20 53 160
29 64 911
29 9 120
62 28 484
13 43 229
2 12 764
40 40 506
5 1 784
49 50 433
37 27 746
47 60 228
35 9 127
3 5 980
5 7 979
28 53 883
49 53 586
53 19 662
11 25 816
37 45 102
26 67 870
43 60 946
32 58 991
43 5 759
37 55 869
17 51 961
50 9 490
66 36 176
37 28 435
43 31 991
42 48 420
15 34 632
58 65 56
15 5 99
54 47 680
20 57 413
60 18 478
38 2 815
36 37 463
40 31 212
10 21 968
52 31 312
15 63 749
3 33 3
25 52 855
47 67 535
37 66 961
56 56 425
13 5 136
17 3 964
52 57 816
25 17 724
18 31 630
12 48 788
39 24 461
48 17 9
45 31 734
66 41 400
60 46 39
37 40 38
41 55 992
11 33 90
42 46 541
37 46 213
15 27 126
55 57 973
53 34 976
1 22 977
33 16 943
46 59 264
55 21 631
3 18 899
9 61 179
44 48 240
64 19 854
48 20 317
32 63 496
14 68 852
28 33 228
22 49 53
59 34 636
57 57 367
38 51 614
65 7 891
10 62 862
17 13 138
44 47 962
40 34 223
5 65 417
40 63 50
38 44 499
5 10 20
17 9 859
43 48 854
51 52 125
33 17 122
60 37 417
25 42 327
9 21 8
46 52 414
21 41 639
68 22 235
28 68 581
61 31 709
19 43 575
15 10 356
28 3 43
48 53 275
4 12 841
31 54 587
21 58 948
18 28 530
52 9 727
12 66 938
52 64 480
51 13 690
59 33 945
57 13 277
44 17 663
28 48 829
69 65 478
39 48 496
20 58 624
59 22 561
37 25 608
21 33 540
52 23 662
44 45 870
26 7 417
1 68 98
5 26 827
57 23 811
27 34 195
12 47 324
54 32 599
24 58 537
23 43 779
16 57 162
2 11 205
54 57 837
21 56 519
51 44 884
49 59 178
11 15 646
17 42 759
36 28 44
28 26 148
38 64 886
2 14 315
35 21 247
25 9 145
40 61 591
45 16 513
66 51 460
65 37 817
26 1 758
22 27 507
60 55 42
57 3 747
49 38 639
66 57 658
51 1 430
18 11 346
66 13 807
25 22 345
53 54 107
5 42 750
63 12 500
67 46 973
37 5 231
37 57 897
33 10 45
16 61 608
34 12 973
6 15 782
46 30 147
68 47 718
18 51 910
29 39 535
8 2 75
49 51 343
45 62 917
14 27 683
16 28 276
68 62 543
38 16 753
7 44 376
18 19 918
16 1 788
1 6 421
55 43 269
21 12 519
66 61 708
16 10 462
38 25 806
15 23 838
27 8 243
27 16 763
16 46 255
7 21 166
56 45 252
46 56 578
6 31 910
16 67 555
50 20 101
58 14 178
59 51 968
55 5 11
12 33 349
59 43 59
69 44 808
16 36 201
21 4 483
7 57 60
47 18 919
66 31 182
55 30 786
31 2 392
39 35 891
47 48 485
56 11 443
39 45 618
63 67 620
59 14 602
51 8 318
9 14 596
40 38 875
2 36 245
50 63 74
58 57 330
40 17 757
6 50 566
52 22 439
24 55 586
12 55 772
57 56 521
41 28 53
49 45 953
3 15 117
53 31 735
62 25 390
47 3 101
58 19 87
27 17 536
52 33 670
49 60 680
64 15 227
2 19 956
3 61 914
61 8 918
41 18 657
52 13 194
28 60 272
12 50 533
6 9 400
67 59 888
47 37 571
64 21 502
69 20 844
2 30 171
8 13 151
2 64 376
67 39 94
50 17 214
60 10 103
46 26 932
61 41 142
67 23 641
65 2 207
65 29 577
17 55 919
22 12 172
31 13 798
54 21 237
59 1 434
64 6 744
37 52 73
8 9 960
33 23 613
9 37 481
6 56 563
46 55 372
3 4 943
62 36 974
44 22 689
40 27 746
20 41 276
19 67 589
3 67 98
64 49 236
67 69 250
61 37 852
59 16 975
29 29 867
39 55 222
49 10 730
2 23 327
26 11 25
42 3 667
37 54 680
53 10 465
65 66 327
13 59 50
54 2 152
53 43 331
26 22 829
43 30 950
48 38 259
63 2 38
45 50 354
26 13 966
36 61 789
69 2 121
20 11 589
39 58 565
33 62 151
57 28 477
68 34 261
8 57 176
6 53 333
7 7 239
41 62 109
34 48 974
48 9 245
47 34 709
33 64 648
64 14 892
8 15 135
61 44 589
16 31 205
13 15 828
29 24 150
45 27 158
19 23 88
35 24 251
38 47 578
51 56 495
51 14 368
28 14 688
62 39 291
5 12 712
30 56 999
4 11 990
20 37 613
40 42 901
10 12 392
18 32 839
60 31 392
35 49 637
3 59 168
52 30 784
2 5 820
46 29 431
11 31 582
5 11 804
55 22 538
47 4 846
5 69 602
1 2 766
58 27 678
59 61 897
59 45 398
56 19 289
47 62 502
5 52 390
66 56 916
55 6 95
62 11 752
63 21 782
8 6 371
8 19 280
53 52 969
1 56 224
65 35 193
48 62 689
20 60 279
21 23 524
59 42 670
55 34 3
37 16 448
33 44 663
63 54 558
44 26 487
15 42 991
38 20 398
54 5 683
2 28 808
27 35 155
19 63 71
1 46 941
67 61 909
63 14 586
65 63 113
64 13 68
7 15 289
32 45 100
5 36 247
7 42 621
26 4 450
64 22 916
15 47 626
49 47 612
8 28 916
40 65 256
10 57 33
32 68 728
53 26 683
68 40 582
57 9 382
24 2 485
19 37 14
9 60 987
53 68 493
31 57 233
39 7 997
28 65 570
51 9 111
22 33 67
39 47 123
57 46 459
42 27 117
48 10 400
1 61 818
21 66 903
57 59 254
18 25 405
4 10 263
22 29 53
56 28 607
4 50 553
66 66 343
67 35 962
46 11 995
52 67 689
17 29 763
43 11 566
7 36 560
30 59 659
60 1 302
53 11 106
44 27 97
34 63 704
26 34 506
10 67 287
41 25 598
27 30 845
25 15 506
53 59 701
57 34 891
16 54 564
2 61 486
3 60 838
29 34 648
39 34 17
1 38 103
36 42 104
43 63 452
30 13 244
60 12 215
34 45 222
56 52 829
46 45 524
38 24 995
19 61 59
30 64 244
17 5 307
52 27 261
57 49 418
8 21 922
23 20 473
55 50 61
14 5 925
8 46 113
54 17 702
29 69 506
32 50 392
51 15 444
67 32 564
35 31 805
19 57 856
29 56 641
24 67 315
21 62 517
64 50 342
14 60 880
21 6 947
52 59 67
11 60 699
5 66 253
66 52 740
55 65 616
4 66 960
26 25 934
36 24 853
31 22 406
52 40 530
45 38 67
28 34 32
60 45 646
27 47 414
67 53 764
43 17 561
21 13 894
63 64 601
23 49 335
46 41 558
23 69 320
28 10 817
61 4 914
64 28 63
1 18 277
53 40 371
58 6 14
21 69 751
62 40 663
21 65 906
63 28 804
11 8 470
32 44 317
31 36 426
1 3 774
15 69 803
63 7 130
54 9 784
31 4 200
39 12 494
2 22 682
40 51 244
20 44 174
34 51 922
39 50 852
68 35 994
20 1 16
17 2 558
41 39 383
23 53 963
59 47 825
49 69 650
64 45 293
47 33 493
20 12 333
47 35 113
17 49 809
22 37 950
57 12 192
44 2 725
33 66 879
22 3 15
14 48 232
38 22 929
42 61 442
5 40 695
34 65 367
1 28 570
25 2 465
69 38 176
65 64 741
8 17 325
63 45 147
44 25 725
55 15 117
39 61 442
43 20 376
3 56 339
55 2 653
43 14 16
34 1 937
55 20 669
23 44 166
52 6 706
38 34 204
68 38 381
63 61 859
7 51 612
9 53 442
30 44 921
64 35 169
48 63 712
49 32 617
39 28 870
69 68 206
11 55 967
30 61 441
12 40 796
20 39 486
23 24 542
47 9 839
53 14 220
50 35 740
9 28 690
24 30 179
8 48 816
47 2 791
10 54 678
56 31 588
65 17 82
9 20 67
45 40 65
11 59 411
2 42 740
59 12 912
53 29 772
61 53 818
42 22 837
43 54 695
24 24 493
29 55 327
11 64 604
63 35 524
63 31 575
56 48 326
10 42 777
20 66 663
5 35 729
42 57 60
63 39 72
49 63 303
15 4 807
47 31 158
66 35 778
9 59 933
68 4 31
51 5 176
29 7 382
3 45 982
51 51 478
67 7 20
53 42 484
12 27 137
11 11 740
66 55 993
26 14 512
3 37 271
58 69 529
18 59 344
39 60 255
28 40 623
17 68 932
61 57 511
19 41 653
46 38 189
8 12 460
22 51 314
53 46 256
61 60 443
47 53 647
19 32 702
39 49 208
39 46 991
26 55 260
67 17 501
52 16 186
52 12 61
48 65 78
16 40 92
15 68 81
56 13 212
16 58 416
28 7 792
23 25 103
59 24 48
60 15 829
36 3 769
43 21 891
36 41 915
22 32 122
69 41 243
36 38 535
64 46 392
16 22 30
64 59 298
49 34 689
57 40 755
29 26 776
66 62 91
49 55 893
60 38 198
15 61 701
59 41 847
58 40 520
63 10 554
43 43 570
7 31 144
52 26 242
39 27 70
51 10 804
22 50 822
64 36 217
32 38 724
8 68 376
22 39 460
5 5 146
36 18 799
65 50 943
24 69 975
3 66 689
30 38 105
47 19 294
46 50 992
57 67 749
8 67 466
13 49 688
40 24 454
54 4 360
22 67 56
8 54 36
63 13 974
36 44 530
54 15 212
64 42 446
8 65 313
7 12 511
6 25 462
3 3 157
15 67 500
39 11 854
41 29 317
33 36 98
61 64 130
11 52 590
49 29 104
18 37 840
40 36 490
33 33 758
25 7 369
29 36 995
37 53 428
13 41 449
50 43 808
38 38 591
39 52 364
20 34 966
8 20 260
45 20 710
67 4 873
66 10 447
36 13 797
63 25 616
34 25 232
66 44 849
29 40 41
24 57 534
49 20 770
44 55 759
55 8 708
26 35 657
26 68 658
36 46 855
64 62 937
55 63 136
68 30 75
35 69 338
67 55 262
67 65 160
63 52 545
27 48 600
61 10 44
46 28 630
41 65 973
49 41 274
26 63 480
62 42 510
7 9 181
30 40 274
36 67 57
29 28 555
30 33 637
25 24 105
26 32 140
54 46 509
65 38 118
50 36 494
9 55 933
6 11 194
50 26 568
65 26 475
40 47 722
55 56 424
17 61 538
9 4 986
23 16 514
16 5 398
45 55 541
36 12 332
68 45 45
7 56 727
14 61 196
24 6 475
3 46 120
65 57 107
67 12 701
53 30 842
49 40 545
11 10 155
5 64 273
32 11 109
29 4 261
14 29 954
35 46 307
62 20 780
36 34 755
62 49 899
50 11 361
58 5 900
46 4 568
52 38 562
54 36 257
57 30 807
48 35 924
13 7 698
18 9 207
11 38 70
23 40 426
54 51 30
3 32 928
28 24 4
55 32 9
14 50 138
5 29 797
11 36 162
15 49 630
62 24 795
52 19 223
48 52 144
5 21 306
47 56 345
67 62 725
39 4 94
40 2 559
64 66 609
15 20 707
1 33 263
66 17 627
36 69 177
63 24 894
42 68 995
28 32 186
6 32 604
11 48 604
14 14 692
14 12 323
10 69 590
69 33 933
19 50 206
8 31 729
64 56 293
2 68 132
40 44 712
26 66 456
33 4 565
10 47 825
4 2 375
17 4 429
65 42 540
62 30 360
12 64 743
25 67 895
60 13 44
58 2 217
69 48 85
57 15 507
3 26 201
24 47 341
43 35 946
58 53 506
10 45 974
52 68 608
55 27 698
4 51 773
64 32 90
59 40 902
6 19 563
69 39 472
26 48 220
2 49 54
42 55 187
13 6 13
9 5 375
43 28 983
37 32 819
54 39 562
68 23 813
49 11 130
7 50 355
42 30 223
5 53 32
45 36 51
57 21 616
29 58 781
69 47 455
52 42 334
32 56 426
39 2 504
42 20 756
1 30 216
69 62 94
14 69 527
19 55 393
21 38 407
21 14 894
46 9 461
22 43 471
19 11 722
49 56 628
8 56 518
49 52 430
56 14 769
54 11 195
11 45 93
7 69 875
67 31 550
63 3 155
11 57 69
17 19 266
26 43 151
36 68 77
44 42 601
23 14 505
8 10 987
50 51 901
63 46 138
58 43 749
59 29 73
6 28 690
51 24 825
2 37 54
27 66 592
62 12 568
25 53 894
10 1 449
20 26 268
13 68 23
45 7 139
59 20 463
60 21 436
15 24 92
25 31 909
8 24 873
54 50 125
64 58 899
44 64 930
18 10 764
14 16 996
37 21 975
69 13 677
1 31 959
40 7 816
62 29 236
48 23 718
44 24 899
52 14 772
26 15 539
52 65 91
69 17 90
3 34 49
15 52 269
57 62 165
29 30 214
18 16 989
42 69 742
22 40 529
1 44 139
56 25 411
34 56 386
18 14 697
61 18 131
5 34 650
67 21 784
21 44 459
66 19 516
51 43 614
43 12 334
10 19 754
49 14 566
24 20 129
12 9 326
64 39 890
15 2 827
66 60 782
22 24 213
55 61 733
13 4 605
13 14 381
65 31 708
20 28 377
38 6 779
58 15 388
30 23 445
67 14 965
69 16 991
2 10 283
16 66 597
65 56 387
22 36 319
57 33 537
8 14 329
51 35 8
59 2 38
25 1 140
24 16 571
8 64 761
35 14 699
47 55 796
59 15 488
41 32 388
54 48 487
58 52 645
50 27 683
3 49 456
13 46 347
2 43 420
24 56 284
17 15 602
14 47 20
13 20 356
26 42 70
4 22 35
64 18 144
37 17 471
43 56 378
43 6 199
4 38 303
45 14 656
57 1 247
36 57 807
20 16 257
52 35 559
28 42 224
21 17 143
43 38 219
46 61 211
30 7 208
48 30 528
34 31 928
27 61 841
62 53 609
9 32 743
29 23 821
10 22 544
8 53 321
10 68 263
59 48 49
66 39 63
10 7 182
28 31 321
59 5 603
58 30 803
8 42 787
27 43 974
33 68 509
14 25 26
10 34 735
7 48 229
6 20 280
19 44 200
23 41 70
1 52 823
14 44 370
34 16 459
64 57 326
23 34 57
29 52 283
64 24 767
17 30 404
60 53 135
48 50 304
39 53 956
58 56 772
37 15 785
10 41 454
65 51 819
56 61 691
59 44 203
64 37 922
26 10 482
53 56 125
50 3 35
18 33 345
58 60 119
21 47 462
60 8 991
42 32 361
46 24 582
6 10 349
25 48 60
63 51 908
1 1 998
53 53 504
58 63 74
69 19 912
33 61 882
47 58 256
65 22 463
21 49 891
23 9 419
25 3 293
44 52 101
23 45 924
46 65 384
3 8 579
68 46 912
21 16 79
28 4 564
28 5 668
32 13 152
15 31 811
58 51 617
24 26 48
37 24 408
19 21 304
50 21 370
3 14 640
24 42 456
41 53 925
48 41 654
63 42 222
56 42 224
57 32 547
43 52 104
6 16 142
54 67 353
53 63 70
41 67 281
18 27 525
63 38 956
44 35 409
61 5 668
49 19 587
60 30 563
59 19 64
30 11 220
38 12 270
6 54 561
19 16 717
62 19 585
6 33 386
1 27 738
49 12 432
45 47 488
66 47 558
31 50 524
65 20 666
9 15 175
16 11 640
42 29 457
59 56 622
20 36 938
62 34 703
46 12 469
54 35 144
59 54 985
63 20 643
69 54 330
6 3 586
43 9 189
2 9 944
43 65 742
63 1 126
55 69 864
26 9 772
32 61 653
1 62 121
49 42 82
31 51 498
45 67 444
34 18 369
17 22 326
5 45 664
20 21 343
59 55 974
10 50 407
32 14 57
40 13 222
19 68 316
35 58 604
11 44 246
30 63 631
1 47 490
57 27 724
64 3 696
16 47 875
2 26 149
3 13 552
42 50 584
6 39 219
39 8 640
21 59 124
38 10 531
55 58 980
59 58 63
50 56 78
27 4 877
20 25 519
12 24 70
41 35 184
42 47 705
7 43 489
20 30 66
2 21 581
7 60 914
50 15 261
24 10 913
44 12 76
20 29 388
60 48 134
50 47 944
35 7 211
62 61 436
31 10 657
24 14 697
45 26 641
6 23 483
33 24 533
2 60 743
41 6 461
37 58 705
29 11 228
48 48 397
66 67 699
14 15 36
43 42 967
28 51 585
63 9 580
69 40 97
4 18 913
35 36 667
54 14 291
60 69 317
38 62 36
36 51 953
53 16 276
63 18 441
19 65 277
46 17 629
50 13 320
11 17 897
51 62 770
48 66 360
57 69 227
54 28 602
62 59 275
69 9 348
56 22 888
33 58 849
5 56 436
69 31 797
63 60 764
45 30 878
24 66 766
68 49 969
52 69 657
4 25 441
23 10 330
37 31 20
48 29 985
51 67 173
20 51 788
9 65 635
22 41 693
19 9 409
13 45 370
46 5 939
20 20 559
25 43 655
17 63 781
46 31 134
32 2 146
50 67 703
20 61 207
36 55 717
60 25 751
64 27 30
59 26 414
66 22 691
19 31 215
2 13 646
1 39 373
61 68 465
29 16 949
65 13 69
54 23 640
4 36 305
31 12 367
22 45 671
34 50 244
45 4 96
63 23 631
56 15 185
1 12 115
26 51 35
4 5 907
33 54 407
27 29 69
60 32 797
13 61 251
40 14 8
6 6 46
27 25 557
11 3 759
52 7 100
32 25 622
21 39 726
18 52 559
24 41 765
65 36 277
40 3 17
44 13 725
32 23 270
27 26 39
49 43 86
58 4 385
60 19 159
62 5 521
41 68 860
38 14 225
42 11 522
63 22 586
65 60 634
54 24 829
2 20 135
3 7 483
64 41 983
27 46 962
44 10 231
60 67 383
32 32 408
35 32 77
61 43 825
25 51 226
52 4 768
25 46 930
33 45 908
32 33 906
54 60 990
53 15 168
10 17 509
5 22 426
51 12 922
65 14 611
67 64 666
18 45 355
20 47 675
8 23 390
39 33 654
26 41 572
18 39 458
65 18 867
17 1 740
35 61 848
37 4 225
8 62 828
24 53 602
25 47 838
2 57 375
28 15 553
9 13 1
62 43 71
57 26 925
24 34 192
41 47 341
22 35 584
36 56 662
47 17 505
43 64 764
43 44 502
68 3 241
54 54 565
34 61 273
13 67 723
49 28 937
31 68 211
44 18 498
40 41 201
23 5 938
9 45 709
14 7 357
5 24 483
42 66 999
55 7 569
2 2 790
69 51 69
29 19 413
21 26 433
7 17 125
37 69 615
37 38 369
8 50 641
35 11 215
40 9 316
11 9 858
11 67 329
7 58 19
30 8 717
68 21 664
19 40 150
61 69 537
61 26 509
4 32 180
49 27 121
31 5 24
54 66 370
13 62 366
42 9 777
55 13 607
33 8 384
62 65 211
38 15 87
55 4 855
18 49 499
10 59 415
18 50 578
59 28 773
4 59 803
66 9 506
41 15 612
30 35 157
54 29 773
23 31 518
22 48 392
58 50 86
49 24 918
66 14 651
15 32 282
16 12 321
26 31 373
27 19 512
55 55 699
14 62 608
36 49 567
4 48 155
54 41 68
32 16 559
63 4 52
18 8 510
42 13 749
17 59 991
53 44 354
33 41 844
62 58 560
4 7 945
35 62 177
50 60 297
1 55 758
59 7 775
38 31 393
2 53 401
39 65 377
10 14 619
23 64 905
42 51 718
12 41 733
68 5 351
5 25 188
35 23 407
2 62 466
58 45 730
15 44 125
45 24 627
40 64 221
14 19 661
3 65 617
60 35 838
7 41 811
23 27 925
40 8 776
1 50 959
55 3 278
23 23 485
6 59 486
41 31 821
22 8 956
58 48 393
51 30 302
18 29 442
15 30 376
54 22 483
34 67 5
33 9 570
7 16 81
6 40 465
23 58 662
43 40 249
13 11 658
37 6 322
14 46 856
21 30 55
58 42 79
23 42 33
9 1 887
19 30 489
30 28 966
49 16 70
5 20 813
30 18 486
17 31 380
32 39 635
62 44 293
43 18 932
31 42 731
51 23 541
2 3 114
27 27 250
53 27 763
45 66 218
24 17 925
29 68 742
12 12 3
51 53 475
44 65 797
15 21 457
21 22 168
42 60 122
50 2 720
3 54 856
29 12 934
65 23 277
54 44 710
35 19 253
41 2 402
37 35 447
69 46 764
11 14 161
62 62 956
12 54 268
57 50 406
47 64 357
47 52 898
37 26 729
35 42 964
37 43 611
18 40 828
13 10 996
25 35 307
55 54 375
64 51 154
7 68 455
33 7 224
7 32 554
22 60 284
2 66 948
60 34 839
6 2 760
55 64 303
31 44 174
60 29 37
48 37 304
58 8 375
25 30 191
64 9 789
3 52 897
6 36 125
38 26 402
13 39 322
54 40 841
27 2 682
62 18 101
57 5 814
38 53 653
60 17 743
58 41 103
31 62 866
46 20 123
22 23 404
35 2 22
25 69 845
25 64 30
61 65 948
27 33 689
38 55 769
65 12 181
39 44 350
33 19 834
69 69 13
22 13 652
19 12 508
51 32 538
39 26 213
64 26 135
40 25 108
23 18 779
34 52 110
68 51 178
61 58 980
44 56 127
23 17 735
7 23 58
60 64 433
63 68 920
62 60 862
52 8 786
33 49 719
51 60 16
21 48 256
7 49 177
26 54 53
38 7 114
35 18 483
16 15 800
22 58 40
11 63 60
6 62 203
19 39 200
4 65 171
15 48 209
37 62 167
14 33 824
25 28 444
38 61 252
43 15 880
25 39 445
16 25 363
7 11 977
53 35 480
8 26 477
3 48 965
7 6 438
33 53 860
26 23 282
8 38 15
56 68 999
27 63 430
10 37 695
39 39 546
35 12 726
34 32 486
1 43 259
61 45 73
18 66 362
47 29 498
18 12 6
53 65 17
69 50 292
58 13 218
47 5 91
30 3 788
50 29 298
61 52 377
15 29 924
11 51 773
30 26 797
27 10 584
34 7 821
64 20 606
6 12 491
30 14 836
54 42 348
1 29 319
65 68 78
29 63 993
29 35 309
3 43 425
24 50 312
6 63 872
32 27 422
50 53 308
53 64 772
59 68 726
36 9 8
13 35 913
66 11 937
62 63 610
5 33 302
33 13 78
2 67 82
7 19 817
8 37 363
39 14 367
7 24 246
48 18 501
21 27 22
6 30 566
17 12 256
1 13 604
9 16 510
48 32 944
38 18 573
10 30 175
17 16 795
60 59 226
4 42 817
19 3 837
18 67 440
39 10 985
9 34 225
54 38 984
63 66 425
36 58 77
69 28 902
39 30 854
65 45 267
27 9 536
69 45 689
33 37 298
24 19 604
42 16 914
13 25 431
30 50 596
21 25 414
56 17 784
28 19 902
22 62 80
43 41 657
11 21 295
27 36 226
53 4 28
12 28 414
41 4 347
7 2 567
60 60 226
2 52 701
43 57 190
20 18 439
57 14 962
40 1 385
32 12 812
5 60 401
9 62 180
39 40 548
42 1 408
23 60 652
10 9 558
43 34 261
36 60 207
47 30 941
20 27 980
28 13 280
1 54 977
7 22 721
8 59 900
67 44 170
16 8 574
52 62 977
1 8 76
67 6 449
51 3 185
32 62 332
48 40 880
19 51 532
18 15 639
24 21 867
9 30 936
3 29 461
61 21 302
28 21 842
21 40 528
69 59 453
10 3 15
47 47 436
49 66 521
26 49 78
39 31 726
4 62 457
15 33 167
63 44 428
43 39 912
43 69 241
36 47 168
50 52 977
6 35 127
16 39 718
40 50 991
46 40 794
57 68 207
29 13 704
44 3 328
50 25 232
3 31 709
1 4 584
32 52 265
58 66 511
55 18 382
63 47 10
39 38 133
59 66 464
18 57 760
66 23 981
30 65 96
68 58 886
49 6 156
22 61 456
55 10 107
40 32 243
55 23 779
54 61 872
20 10 931
50 68 67
61 61 919
51 29 552
20 67 630
42 6 490
62 16 85
4 44 379
62 17 772
41 52 827
17 45 188
51 27 149
26 16 535
36 43 835
38 13 955
39 57 202
21 36 553
55 33 441
41 17 319
9 68 346
6 66 235
58 26 383
28 23 48
64 10 216
53 18 82
30 69 275
8 5 636
32 36 472
46 18 26
6 57 801
48 49 492
37 44 261
53 57 653
34 17 384
25 33 727
27 41 116
36 14 9
9 31 169
24 31 643
63 37 997
8 25 62
37 41 520
12 56 850
52 21 259
16 43 398
33 29 1
46 21 76
59 65 574
64 54 12
8 47 679
12 58 358
37 34 996
5 38 629
46 33 854
41 30 425
37 42 428
16 30 604
52 36 735
49 44 356
16 3 572
18 68 569
2 45 974
25 36 612
30 67 94
69 11 959
4 23 628
59 25 805
38 19 513
42 38 51
68 11 451
60 41 215
29 32 777
26 33 301
25 57 309
67 28 691
23 3 940
45 54 420
63 59 752
48 64 972
54 56 930
20 19 435
28 17 368
27 60 867
58 46 320
4 30 904
65 24 416
9 49 755
42 41 368
