91 3276
25 5 917
57 2 213
35 74 406
20 46 65
54 28 304
44 9 324
33 61 971
66 40 507
64 38 541
89 62 669
5 90 914
84 75 956
14 17 953
91 57 947
25 36 777
47 23 716
25 2 692
10 71 781
2 43 818
53 54 661
78 32 756
79 57 782
10 67 499
29 9 812
9 82 359
85 58 663
7 44 697
67 76 805
42 37 733
72 2 587
43 5 883
37 69 385
30 42 346
38 65 438
18 21 450
52 27 543
79 46 17
25 45 170
43 71 566
41 6 877
61 18 924
69 43 134
20 48 396
30 43 616
81 11 352
67 22 803
28 61 225
59 60 965
49 23 890
37 91 75
52 61 143
42 58 204
58 8 399
37 75 811
11 30 28
74 88 31
3 57 908
18 1 36
24 77 331
43 88 318
46 52 660
71 84 982
52 26 104
18 32 642
28 51 19
23 29 272
18 45 616
76 50 614
90 29 508
9 52 481
29 20 259
13 36 259
7 25 552
26 3 928
73 37 281
12 21 862
84 33 218
36 82 463
53 35 652
23 44 277
88 25 681
8 59 148
56 36 156
8 17 463
2 6 353
41 52 709
26 28 743
25 4 770
64 56 579
69 45 703
60 39 453
23 2 450
65 56 873
85 63 374
38 53 409
65 39 136
12 34 694
23 38 877
74 38 699
70 83 858
21 17 994
16 55 562
41 66 635
61 72 789
15 46 436
53 89 905
61 60 447
22 12 716
69 87 481
24 12 650
70 86 852
10 27 227
5 44 378
19 74 433
78 69 795
72 49 469
36 11 930
14 7 313
78 14 26
68 29 790
75 38 405
54 25 493
53 64 347
61 16 854
33 53 821
39 91 403
86 28 795
21 40 483
38 1 470
40 43 735
75 60 536
80 14 913
32 20 98
32 32 849
35 22 692
44 2 545
75 71 751
56 86 82
79 87 465
51 49 334
70 12 183
57 10 784
44 48 82
23 87 792
69 6 102
76 23 475
8 60 697
87 50 154
37 78 687
31 66 14
90 46 375
21 72 471
60 83 853
20 69 800
72 20 289
29 32 407
41 7 889
41 60 48
50 73 247
44 18 218
85 84 977
36 83 615
72 56 936
22 21 206
56 51 449
86 63 288
31 1 306
28 25 726
6 74 649
30 35 277
4 60 366
42 3 159
67 67 141
66 79 311
27 39 776
16 66 473
69 1 19
35 63 906
38 77 772
8 13 191
41 37 231
21 39 890
56 54 701
68 59 188
40 72 153
87 5 990
87 45 16
49 50 996
7 37 304
58 69 40
8 32 638
9 26 364
5 75 800
53 17 886
48 42 191
30 30 534
41 51 222
22 82 64
20 56 778
89 9 187
65 37 669
20 59 862
57 90 385
43 91 902
15 63 296
72 60 69
26 61 10
8 1 835
14 35 335
47 46 287
57 34 625
44 84 241
2 80 782
58 13 218
55 89 159
60 24 332
42 40 807
16 46 235
47 15 814
87 74 249
65 42 754
21 47 511
20 20 761
67 62 975
76 39 670
37 87 834
11 82 710
51 86 272
13 89 356
65 81 773
73 3 140
85 59 108
72 81 598
9 12 717
16 8 45
75 12 745
90 82 323
5 57 230
38 58 322
31 33 932
27 72 587
37 82 299
34 77 931
21 29 372
1 54 420
66 38 485
32 66 760
1 42 456
27 7 81
35 2 688
46 1 725
27 5 162
44 21 154
9 65 254
46 9 478
49 76 192
45 51 685
46 80 663
51 36 630
6 87 857
91 19 669
84 61 431
24 50 920
16 45 325
78 9 566
51 50 271
23 63 845
69 40 814
40 17 405
23 40 122
33 40 490
12 74 499
7 57 131
25 69 61
59 24 868
30 86 418
34 60 348
37 31 486
76 60 537
55 44 678
18 84 922
42 53 186
73 72 71
64 8 666
31 51 126
1 48 271
39 81 513
43 21 165
48 25 454
53 9 101
76 3 573
7 63 735
18 29 650
48 91 821
85 86 879
32 22 178
74 50 849
43 38 256
48 84 829
31 55 112
90 37 577
38 17 539
34 56 807
21 90 813
1 29 299
65 16 861
48 15 841
50 67 421
77 41 764
17 65 193
78 36 70
22 36 135
2 16 314
23 3 468
6 50 587
28 10 558
59 46 788
44 37 309
56 25 531
46 54 133
7 12 780
67 35 971
15 1 464
83 5 903
10 20 496
84 4 432
65 86 17
36 60 869
6 90 697
81 36 3
84 13 227
41 38 266
4 73 435
7 36 751
5 63 854
54 77 536
65 7 425
55 32 74
72 80 550
67 86 816
1 67 383
75 87 231
56 60 169
55 35 59
66 63 967
45 39 115
17 60 679
64 41 28
47 68 788
56 28 171
32 84 341
33 50 167
16 34 1000
52 87 617
81 69 906
47 25 370
26 68 804
28 34 136
63 47 231
32 50 244
13 10 553
88 66 796
19 85 23
83 57 64
85 14 65
27 51 882
79 50 414
17 91 681
16 24 333
67 23 528
89 15 962
63 59 201
79 59 161
37 8 824
88 86 46
47 76 530
61 43 50
31 4 157
48 12 749
10 9 376
43 85 640
70 50 256
11 43 395
32 2 144
29 41 31
17 76 497
55 68 599
19 81 850
33 63 119
55 17 398
70 14 601
1 2 542
12 26 535
23 11 141
36 10 748
11 72 200
9 22 222
68 44 129
44 22 806
82 2 60
38 91 23
89 17 668
24 6 359
53 86 765
15 70 567
13 6 513
22 78 99
21 53 134
66 51 664
31 48 135
22 47 452
9 81 921
31 74 359
38 31 904
9 75 746
33 68 346
44 17 76
70 71 254
71 41 111
74 41 325
42 45 15
75 54 48
61 31 555
90 42 854
63 62 278
79 33 170
29 60 489
83 9 475
7 5 385
38 79 724
68 15 686
87 73 334
78 17 489
46 33 472
3 85 349
34 5 267
46 6 949
69 76 427
24 49 139
69 69 215
79 43 941
47 54 656
51 1 781
51 55 475
64 32 361
17 24 200
29 69 228
42 51 767
40 24 582
17 61 310
48 66 51
36 28 44
32 59 244
33 37 158
16 63 604
46 60 171
31 85 185
65 1 981
31 58 453
15 2 629
73 28 857
80 45 330
71 71 679
16 16 560
81 34 368
30 4 804
81 3 780
66 14 959
42 80 475
73 73 899
73 46 334
20 16 363
81 75 81
51 29 988
75 29 597
46 17 928
25 17 140
22 87 964
60 91 516
33 35 302
74 61 578
27 4 71
69 46 711
72 57 560
55 24 780
67 25 674
59 13 209
18 9 982
24 45 660
84 50 274
21 81 753
1 58 560
23 10 526
37 4 40
64 84 993
44 71 142
48 51 810
21 85 615
63 69 891
63 80 335
70 66 704
10 14 379
41 45 816
38 30 79
40 74 985
20 51 350
88 69 184
21 69 135
60 90 422
15 36 77
9 62 835
30 26 340
25 66 851
82 42 925
52 83 31
30 56 137
36 75 699
72 50 776
89 83 205
91 68 267
53 87 144
75 15 62
22 1 306
7 46 43
54 72 787
44 8 388
11 55 606
39 1 838
25 31 553
23 82 189
54 85 535
38 4 877
88 67 280
41 72 611
19 9 914
66 86 691
26 73 674
11 65 956
55 55 918
9 86 443
39 89 863
44 42 549
37 15 649
46 27 445
76 24 591
37 9 187
84 3 846
91 4 841
83 2 122
21 73 254
68 30 368
42 64 31
28 27 809
32 35 244
41 73 181
49 89 637
76 58 166
87 42 902
44 81 936
70 5 680
31 18 151
59 26 499
2 65 633
26 84 301
77 21 689
22 58 14
44 30 785
34 62 762
34 36 941
78 5 284
29 82 657
54 51 661
65 33 906
37 29 786
4 89 872
15 45 536
18 85 138
27 58 244
8 25 170
4 39 119
48 87 507
88 85 712
13 85 101
35 88 20
85 87 29
46 89 353
10 17 261
17 19 583
79 82 334
18 89 140
32 3 887
63 10 847
67 29 493
55 46 256
21 54 486
59 55 94
1 28 720
72 43 38
47 40 331
53 82 709
72 64 932
7 56 74
53 37 474
19 44 183
48 43 684
55 73 294
84 83 973
2 36 428
35 85 663
49 12 23
79 1 194
47 59 281
15 13 468
19 77 718
19 57 808
24 43 78
63 32 573
39 24 678
11 91 857
30 31 49
4 83 779
47 55 824
72 45 584
60 58 361
40 12 991
22 49 685
74 89 213
25 55 148
70 77 690
13 32 753
87 66 694
1 32 779
17 52 40
89 79 964
83 78 779
26 79 206
1 12 111
79 78 402
65 27 401
6 82 834
41 40 868
58 84 387
34 29 833
38 54 438
64 19 36
46 2 711
16 75 128
70 42 732
64 45 405
7 4 900
9 3 70
18 67 72
19 23 584
55 45 947
81 30 893
32 41 382
53 18 248
88 60 449
82 49 974
53 11 894
16 68 197
34 19 430
29 66 678
23 62 98
8 19 444
59 31 752
1 83 908
77 14 448
31 8 935
17 27 554
84 66 71
86 44 194
72 90 215
89 77 630
91 79 975
24 5 455
37 49 981
44 50 571
70 63 408
51 9 630
28 74 491
23 34 958
32 80 337
25 29 589
8 49 594
25 19 717
19 84 511
54 27 300
26 45 668
22 90 165
79 42 751
12 69 597
83 28 782
10 51 681
17 87 466
8 85 222
77 18 836
63 19 345
21 61 69
50 54 519
23 22 657
84 35 87
36 39 785
27 91 177
11 38 848
40 82 266
2 20 855
61 63 558
89 41 424
91 31 300
84 43 162
88 28 990
85 37 43
83 86 31
84 16 130
38 32 448
72 14 942
61 57 86
90 40 395
18 28 810
71 12 134
73 66 259
22 65 94
73 15 83
58 72 292
82 44 254
40 67 485
43 44 397
4 86 539
91 62 554
81 27 805
78 3 166
75 3 233
87 28 916
80 36 186
14 6 794
22 74 550
71 76 847
48 23 742
5 21 215
79 71 753
1 88 678
48 41 270
87 32 896
74 27 570
61 78 366
53 73 94
35 78 514
61 19 202
59 5 626
89 89 236
78 73 894
23 41 143
22 51 107
69 54 737
48 34 332
46 65 749
29 17 627
35 9 499
86 50 272
72 12 816
81 33 187
68 80 600
70 52 191
40 68 987
56 91 36
1 33 230
30 91 932
53 50 863
43 17 594
70 59 307
90 70 856
11 10 412
73 67 43
8 74 814
20 75 1000
17 16 650
14 75 661
21 11 572
65 19 34
49 64 250
85 41 729
30 71 361
47 62 147
16 9 267
35 6 461
39 42 315
28 62 79
58 26 254
47 14 641
67 26 634
91 41 887
84 52 480
75 48 713
39 9 669
4 47 992
3 33 179
22 81 157
14 29 21
48 89 240
48 28 792
24 86 259
32 5 740
34 80 110
72 53 811
9 41 859
62 1 439
84 55 768
35 24 695
80 12 938
51 63 766
44 20 908
56 5 962
6 79 238
79 67 593
53 28 34
37 52 486
87 21 193
7 75 969
18 6 850
36 41 114
79 45 887
90 30 857
15 12 464
1 25 542
80 16 705
12 32 857
49 41 131
86 77 379
50 68 7
12 61 240
91 21 783
75 55 605
48 45 658
9 43 784
29 36 826
88 90 11
78 71 503
3 11 954
11 37 310
24 32 109
63 87 328
49 31 675
65 65 724
65 61 602
7 47 68
11 87 919
70 9 29
86 47 861
55 6 731
73 61 766
86 86 840
45 17 961
88 22 67
31 24 241
10 16 386
53 75 908
86 5 767
60 82 292
30 25 745
91 53 660
41 84 876
27 63 486
59 56 303
85 5 664
28 33 348
41 57 552
64 50 494
60 32 840
27 38 484
33 70 356
31 16 950
16 38 576
13 30 607
42 60 243
18 50 37
26 85 946
79 8 58
14 34 861
10 66 409
47 39 55
62 10 880
35 15 494
78 59 99
22 19 237
26 18 362
55 36 481
13 25 988
14 1 697
64 57 909
43 35 54
62 44 975
53 66 801
36 5 611
51 24 495
35 91 724
7 72 660
37 88 907
62 25 989
19 50 774
77 16 886
2 30 294
72 38 749
62 51 346
17 51 43
67 6 452
70 56 472
66 30 807
28 59 398
71 65 76
19 69 927
7 80 824
4 87 817
80 31 127
66 7 828
37 5 666
1 36 884
47 88 474
81 57 272
58 29 267
60 81 572
41 86 476
1 21 914
68 57 934
61 51 499
46 77 55
47 31 117
17 42 106
40 44 62
47 52 969
66 39 68
45 19 30
11 45 359
78 23 344
29 31 164
1 66 404
78 65 946
90 73 83
37 62 263
20 77 738
44 13 859
57 30 278
35 46 964
89 36 640
53 59 500
17 35 220
89 19 338
57 66 246
54 84 505
29 79 639
13 81 652
50 69 493
73 40 680
6 77 54
37 81 187
43 41 890
30 17 708
14 26 604
62 53 541
78 68 588
78 67 67
27 49 665
25 84 16
56 39 52
58 43 245
13 53 903
53 14 377
73 29 51
64 70 502
73 8 279
50 8 50
53 40 743
14 76 679
36 3 589
55 88 153
71 23 393
60 13 225
12 73 505
14 16 833
90 2 532
45 50 135
13 19 478
4 18 855
87 59 794
40 2 923
70 21 66
56 47 462
6 45 502
57 40 220
68 21 638
29 33 650
80 20 671
38 34 115
30 70 852
5 33 79
50 60 546
89 70 634
77 32 195
81 71 835
65 49 991
88 21 886
60 65 209
42 21 496
34 67 315
76 86 862
20 50 446
87 1 785
20 28 777
16 71 619
59 25 744
43 45 202
83 45 254
73 77 655
22 22 693
46 32 50
45 57 550
74 33 540
40 14 503
73 2 612
55 23 802
27 32 306
64 90 962
2 88 694
88 54 929
12 23 610
76 15 365
81 86 247
72 86 65
65 91 754
85 65 603
7 86 999
17 62 134
38 13 461
51 69 786
48 56 927
14 61 220
75 66 767
33 45 375
87 27 633
35 50 953
86 12 830
14 69 800
5 71 616
39 15 295
75 10 870
67 71 435
17 84 489
68 7 608
70 28 711
80 61 427
39 26 676
71 51 666
14 32 758
82 24 445
6 34 508
59 66 629
83 46 287
17 50 13
46 38 973
8 6 695
40 4 333
18 72 655
16 51 75
69 70 37
25 22 464
70 74 397
21 21 385
81 8 299
19 40 267
78 46 927
59 39 833
91 73 260
87 25 830
65 88 580
37 13 611
65 32 429
49 36 604
64 52 619
86 59 614
14 63 597
4 23 952
53 2 193
33 67 126
56 38 318
61 87 251
47 18 484
26 13 507
71 33 152
39 71 713
3 7 835
33 47 456
60 55 749
39 7 219
84 65 458
58 88 953
43 15 881
77 82 331
77 37 612
90 75 836
17 22 481
82 43 140
18 65 820
65 4 469
6 21 534
69 64 328
61 22 975
73 64 709
43 74 86
53 34 322
73 86 216
3 44 967
88 82 785
33 58 565
28 5 329
11 70 769
63 12 746
44 51 889
20 33 225
87 47 650
7 8 467
51 33 244
67 82 621
9 67 652
38 71 710
61 49 766
62 36 98
72 84 448
27 76 956
38 15 50
57 55 38
79 35 57
71 28 606
81 77 690
1 1 318
89 12 551
56 61 470
24 28 738
64 80 112
55 77 675
32 34 514
33 89 125
86 87 259
45 77 482
4 59 577
24 89 622
48 35 916
40 13 602
19 54 119
2 70 809
46 53 464
41 41 837
90 59 624
89 76 102
82 17 946
2 17 469
47 38 628
69 10 686
5 30 870
91 55 9
8 21 145
14 45 302
69 34 640
42 55 853
35 83 79
88 29 236
62 57 530
78 51 173
39 43 204
67 28 358
46 67 995
84 1 303
66 49 803
83 10 717
38 39 494
37 76 152
50 7 405
49 35 464
56 35 611
10 81 272
36 69 546
29 48 60
58 46 131
71 40 445
9 30 502
58 15 972
69 32 417
84 9 252
64 35 208
11 14 675
82 8 253
89 21 57
11 2 29
81 4 792
7 35 784
28 80 65
67 89 10
10 15 457
21 10 810
11 13 602
55 19 5
25 16 915
42 16 416
41 42 368
33 30 511
3 31 31
86 71 621
23 86 358
59 50 965
24 57 192
62 32 74
66 44 765
56 15 886
41 26 443
39 34 419
86 52 316
39 70 812
78 30 652
88 76 291
36 9 311
88 79 116
9 54 776
22 62 189
55 13 55
76 31 449
17 9 663
43 18 242
39 5 21
20 38 802
72 32 584
45 84 466
87 12 29
21 36 528
28 55 746
61 82 533
33 90 125
57 32 101
24 83 504
85 79 574
84 70 2
20 47 808
87 49 878
14 56 957
38 26 272
54 49 357
20 21 998
7 7 364
76 84 572
77 65 583
33 16 36
74 34 974
35 10 266
25 53 759
19 83 45
74 71 750
73 65 817
22 15 660
37 60 120
79 5 864
40 56 461
90 67 894
30 15 842
46 40 390
71 89 818
54 66 993
64 85 489
68 88 702
60 18 143
56 80 249
82 45 734
69 15 57
25 33 615
90 10 954
63 1 796
34 55 380
39 82 397
21 7 435
68 69 208
22 26 227
51 23 179
88 48 94
10 8 161
11 5 3
7 81 30
72 83 446
42 29 808
1 70 726
78 10 162
76 43 113
67 60 180
81 73 885
27 86 280
13 23 151
57 84 691
8 29 818
29 72 448
35 68 755
9 91 191
72 6 179
83 63 317
59 48 446
48 83 869
51 21 622
69 60 26
79 77 428
5 22 291
80 50 225
37 22 196
29 24 982
81 63 288
44 74 550
24 33 495
82 89 473
52 65 69
38 3 91
17 70 891
65 13 207
70 16 533
49 63 320
38 28 166
51 80 392
52 24 466
59 27 688
22 29 702
18 20 431
3 15 847
69 66 68
54 82 454
82 70 949
20 12 447
25 14 314
4 62 16
76 16 237
8 77 437
25 37 368
1 77 397
1 75 365
79 51 799
10 6 634
57 65 484
79 34 326
19 70 797
81 2 200
47 16 347
76 72 252
74 11 201
77 43 714
86 79 816
27 66 724
36 54 892
32 47 53
75 88 687
10 45 418
91 5 717
24 64 296
84 22 143
7 23 179
52 88 473
2 4 289
67 65 829
45 44 319
50 75 319
59 49 134
16 83 902
27 36 971
16 72 319
90 79 570
69 84 768
61 37 357
21 65 61
37 80 78
73 22 740
1 3 838
87 90 363
11 75 58
30 12 589
68 60 324
25 79 8
77 50 57
88 45 874
69 52 255
23 90 816
4 46 679
41 8 282
62 24 691
25 39 175
77 88 570
22 43 999
67 80 82
41 67 655
55 5 823
22 54 399
13 45 190
46 66 108
53 3 120
44 33 199
72 33 965
55 66 515
71 11 602
7 71 167
84 60 15
21 25 781
88 5 57
19 75 313
91 44 942
46 48 503
56 37 406
7 61 102
90 61 531
45 52 96
82 55 211
88 62 544
83 53 353
89 20 260
45 61 718
50 43 173
85 34 231
68 25 410
72 89 801
24 34 253
59 91 713
41 54 605
21 31 134
77 49 225
55 2 48
28 19 375
80 73 726
41 46 958
47 61 511
79 28 435
4 5 828
55 39 18
18 25 999
51 57 557
67 19 944
44 24 372
53 68 16
37 18 448
14 33 115
43 60 107
7 1 595
10 7 329
59 16 772
29 81 391
73 1 49
15 26 875
31 35 207
84 90 461
23 65 922
14 20 72
76 29 823
12 33 354
68 73 571
13 24 739
20 65 80
26 50 770
41 19 701
80 87 328
2 31 274
57 88 681
56 42 630
55 10 850
57 82 846
18 81 447
23 66 383
13 49 224
73 44 694
3 27 182
29 47 717
20 23 734
80 83 958
79 23 622
49 88 330
20 40 619
10 12 787
32 39 670
89 2 248
26 21 355
73 69 781
35 21 821
86 15 864
85 50 310
37 16 220
14 2 947
38 37 731
5 31 663
85 29 351
44 4 741
45 71 484
78 60 225
48 63 156
17 85 313
77 58 355
27 11 424
29 11 906
62 7 914
75 77 300
35 89 560
54 13 690
3 29 300
35 60 703
54 11 6
36 85 51
64 86 981
90 36 552
53 84 22
18 80 693
52 12 925
75 86 533
65 64 901
80 3 460
12 83 827
49 48 78
83 11 600
47 57 192
64 89 894
87 13 829
9 63 419
21 76 429
21 55 810
39 12 231
76 46 62
52 22 509
15 32 571
36 8 226
35 42 256
47 41 933
65 50 865
19 26 755
23 85 292
1 10 219
4 13 28
34 9 349
43 29 820
47 65 144
18 52 812
42 78 298
6 63 167
30 39 768
73 49 515
3 34 468
55 81 927
51 12 38
83 87 743
27 43 230
87 65 326
28 40 282
69 57 533
88 9 758
18 56 495
1 56 212
23 61 229
38 6 845
85 51 658
9 9 822
20 49 747
39 3 87
87 29 983
13 88 950
17 23 72
6 73 592
77 47 945
49 56 774
51 65 988
20 25 306
15 24 333
12 78 347
76 91 617
50 22 27
72 63 383
47 44 62
34 8 135
12 4 451
91 36 870
71 35 530
45 86 413
61 5 114
80 23 662
52 15 227
14 51 965
88 33 366
83 49 364
14 50 949
15 28 935
4 50 752
58 48 939
89 10 881
39 51 403
13 70 62
68 89 890
24 21 190
67 3 590
20 91 95
60 40 201
25 44 86
6 91 154
40 70 844
72 34 966
47 89 540
55 90 649
6 83 220
73 27 252
12 44 383
44 85 920
59 23 318
30 83 857
39 53 716
71 61 546
34 22 936
77 68 671
85 15 203
91 89 206
12 28 664
85 71 931
89 1 64
81 47 134
3 5 411
41 1 111
13 9 355
84 79 771
21 38 397
26 43 263
11 62 123
4 26 610
34 33 450
75 22 864
73 19 643
6 33 702
17 4 877
39 39 23
36 67 532
50 2 326
13 7 752
54 67 425
16 57 663
12 8 552
4 85 898
84 38 680
85 53 196
47 91 70
3 54 328
49 11 420
77 59 840
77 52 10
66 6 935
60 31 433
64 64 962
71 63 771
85 22 135
12 38 99
8 14 707
42 34 576
44 90 483
17 73 53
82 32 561
71 4 680
7 17 372
72 22 76
46 51 415
46 82 406
25 91 209
24 23 926
65 35 694
41 75 32
75 91 951
10 46 650
36 87 238
24 26 586
69 72 960
59 43 833
42 52 587
8 62 11
3 86 114
61 25 305
88 3 149
25 35 600
56 73 492
74 32 662
12 65 32
68 83 853
8 8 75
24 30 856
8 76 920
36 32 472
21 48 641
32 17 806
82 52 505
6 27 327
26 62 530
54 73 998
71 68 91
36 48 809
89 57 614
59 15 703
23 69 427
16 35 666
26 48 925
75 69 973
30 28 203
19 56 723
83 88 21
25 74 809
7 16 327
51 75 74
18 3 457
91 8 930
27 77 460
83 91 378
33 60 551
76 45 164
6 17 320
61 44 345
53 29 568
35 80 670
11 46 444
90 76 127
34 50 788
51 68 857
87 33 729
12 18 905
82 38 310
48 77 304
11 8 782
6 25 841
88 51 523
9 48 744
49 5 62
28 11 133
30 69 249
22 76 71
60 48 318
20 62 657
88 72 184
77 4 872
7 67 445
89 80 360
1 43 707
6 89 585
45 60 780
25 78 930
17 37 125
79 73 731
8 66 778
87 88 472
55 54 430
68 43 996
30 75 122
31 15 419
20 7 896
79 56 906
46 29 230
74 76 95
70 85 780
1 68 368
3 20 820
60 14 289
2 84 696
32 33 348
86 35 548
64 4 433
23 25 262
48 24 360
53 79 326
27 14 754
87 58 442
47 34 523
70 24 944
63 57 636
39 52 74
1 81 191
74 39 495
75 28 65
39 8 269
51 11 324
55 30 31
6 16 393
29 59 145
91 33 491
65 43 794
18 42 738
62 81 314
77 17 637
15 64 677
85 66 889
88 16 116
42 89 770
19 12 136
39 16 897
2 8 442
13 14 847
9 73 121
87 9 643
19 46 156
44 75 914
41 2 523
29 50 428
90 14 935
2 12 807
6 54 413
67 55 119
67 20 466
52 10 354
64 68 870
87 68 624
3 61 950
71 9 719
21 19 25
81 81 333
69 61 542
29 4 856
58 74 43
45 73 684
39 72 986
51 72 647
48 47 240
65 58 64
83 18 916
41 17 829
81 17 751
91 70 2
2 33 96
61 70 178
9 21 353
31 56 102
54 33 888
46 36 735
73 47 666
13 82 410
85 9 473
27 42 566
7 60 68
67 77 934
86 36 42
63 2 633
85 30 622
60 21 138
24 65 463
43 52 761
14 86 336
64 77 902
51 32 820
64 9 625
89 28 940
61 36 879
23 91 934
51 18 995
75 25 320
91 52 399
88 56 23
52 90 522
84 40 991
19 58 886
55 61 21
75 78 767
48 37 499
39 40 608
57 42 514
38 73 892
78 27 251
60 22 721
64 17 993
42 23 433
14 21 802
42 12 420
70 44 736
82 86 563
1 17 665
81 58 379
72 48 323
58 11 850
61 24 352
70 41 525
89 81 147
6 4 325
14 28 988
58 51 438
41 59 214
81 82 545
38 14 553
63 77 166
90 31 125
14 3 103
30 51 946
75 80 773
73 76 147
31 19 103
71 73 27
43 49 351
19 18 204
8 38 63
73 84 254
80 62 529
12 25 530
34 1 766
69 90 935
21 49 684
82 65 662
91 50 357
2 45 505
72 9 252
85 85 698
77 2 633
78 86 882
48 50 487
56 68 901
76 55 819
81 79 776
50 66 164
79 30 29
42 81 295
69 38 681
18 90 924
1 24 69
28 85 220
52 78 101
33 69 448
84 77 536
46 64 495
68 3 27
22 11 281
54 76 345
70 72 509
45 4 872
54 58 726
73 43 941
23 1 532
40 40 65
85 52 349
14 81 799
24 2 866
40 58 41
60 5 189
13 50 708
49 71 925
70 36 927
28 45 626
18 78 862
10 82 121
3 17 455
73 83 184
84 88 486
19 30 396
53 90 618
22 83 380
61 88 636
17 59 555
90 3 835
71 80 600
55 26 222
19 37 545
73 57 465
26 7 974
77 90 372
60 87 764
41 61 592
45 8 962
43 90 123
6 62 294
54 42 518
26 89 385
73 39 210
33 57 481
62 87 700
44 28 205
43 87 966
29 84 28
61 77 198
83 47 602
51 64 279
49 30 363
38 87 73
90 86 449
83 75 492
40 77 258
62 29 922
53 52 432
20 58 875
75 18 650
42 69 922
31 26 505
25 25 101
2 61 163
68 81 299
17 54 202
9 60 670
7 29 551
45 29 8
38 7 479
20 55 769
64 37 173
8 84 918
30 60 163
11 12 304
61 76 204
58 61 670
56 10 543
13 91 563
56 33 369
49 29 263
75 74 213
46 12 228
87 10 384
7 90 133
16 15 548
77 42 914
44 65 899
34 68 160
38 19 542
7 9 361
87 89 334
7 30 321
87 57 363
63 43 131
1 49 492
1 59 982
63 68 656
10 40 728
8 35 775
60 63 925
5 89 245
42 8 167
44 53 749
90 8 235
80 81 769
38 57 260
75 32 502
5 26 299
78 15 216
50 12 925
46 39 727
26 72 556
16 18 995
29 74 753
40 65 117
11 64 45
23 68 256
5 62 442
8 57 314
42 11 877
52 51 73
89 7 324
41 27 975
76 38 888
23 18 895
27 68 851
82 91 536
37 12 966
36 12 420
75 72 258
22 27 749
78 64 26
51 84 179
66 80 417
37 84 795
49 81 644
70 53 920
15 42 585
77 29 979
89 3 558
31 36 201
2 91 555
48 86 308
43 8 699
81 38 202
25 81 353
27 16 65
32 7 676
16 89 360
76 59 737
12 5 443
26 90 83
37 37 81
18 76 79
67 72 786
83 14 588
36 26 687
41 56 747
49 55 924
77 11 856
56 83 967
39 14 982
18 87 797
7 82 12
20 36 300
47 26 956
79 27 115
14 41 138
43 4 832
74 1 370
22 31 498
89 32 758
33 21 236
68 37 482
48 52 212
59 18 154
52 62 560
38 60 182
63 90 288
64 6 28
19 51 776
15 9 640
3 63 320
21 32 383
21 4 513
62 48 506
13 42 632
1 11 74
68 90 63
75 67 634
74 77 41
71 32 656
24 91 857
47 51 273
15 67 158
52 6 453
56 52 26
13 67 309
86 68 753
71 18 867
57 21 21
73 85 351
50 5 432
56 77 799
41 18 674
41 62 390
66 52 475
21 82 543
70 48 969
90 74 456
54 54 375
49 62 16
5 72 155
9 33 718
73 7 693
84 59 719
11 11 960
61 8 878
82 80 994
16 22 250
46 61 918
80 43 760
43 70 852
38 42 955
75 89 164
56 2 96
53 63 158
39 31 377
67 84 580
69 26 223
63 52 136
43 20 600
84 86 569
1 45 659
4 56 338
88 23 91
63 4 551
1 52 964
7 70 291
68 45 652
30 67 928
90 81 664
17 34 143
22 91 556
2 66 343
34 89 907
5 76 987
46 70 804
51 77 688
22 46 242
35 39 327
53 15 980
64 2 699
65 5 650
44 57 794
3 79 827
13 80 729
83 29 666
75 64 419
53 5 86
39 29 360
17 71 274
19 71 665
57 13 497
20 73 513
56 26 325
65 69 620
28 3 457
20 79 555
57 59 868
91 69 385
62 42 342
13 22 621
15 51 924
48 5 324
30 48 573
63 21 119
23 72 848
45 7 878
58 25 936
61 91 976
29 55 267
71 83 544
61 66 44
67 64 500
8 40 796
57 9 956
77 26 961
67 45 20
34 61 297
2 69 957
10 24 663
28 9 670
10 79 823
22 55 506
58 80 883
14 84 887
40 9 794
37 55 865
33 39 396
88 71 78
41 50 173
76 10 787
74 23 716
14 14 324
61 79 86
42 71 720
12 12 498
71 27 525
66 66 836
62 18 812
8 47 497
77 53 733
78 28 460
74 15 76
9 8 250
86 1 367
64 5 474
80 57 579
55 79 252
31 52 662
27 88 380
1 82 703
79 9 429
10 43 53
91 32 209
67 70 960
22 59 151
66 72 507
62 14 813
25 38 927
29 26 705
85 2 475
2 5 545
66 20 671
43 75 333
26 71 209
69 89 205
75 26 301
8 88 464
38 90 563
91 28 472
32 45 535
3 49 142
14 44 33
63 38 343
62 72 859
1 30 142
55 65 525
62 54 795
35 44 355
38 44 116
74 30 266
49 46 756
6 44 760
52 81 117
2 62 955
10 54 625
73 82 683
49 78 357
52 38 94
61 64 327
86 8 414
54 29 654
50 56 906
29 38 193
70 25 718
26 51 971
35 62 599
80 74 339
85 67 812
68 54 853
57 20 263
53 27 820
56 71 729
68 36 212
64 54 229
56 17 671
26 86 772
90 66 635
57 49 440
37 27 794
91 72 718
39 58 680
77 77 140
80 33 59
78 87 727
24 63 20
46 46 851
29 30 919
2 68 781
91 84 622
20 84 485
24 74 653
22 71 438
78 48 149
71 55 157
64 29 258
34 45 416
88 20 518
87 55 732
72 59 545
41 35 337
31 83 703
84 6 141
13 47 859
42 49 839
36 30 74
15 8 833
80 8 985
70 34 692
51 7 120
23 75 645
12 47 671
88 24 70
64 1 979
63 31 993
53 32 117
78 78 922
10 2 591
40 81 949
68 41 308
79 32 783
9 90 610
44 80 992
41 16 263
69 77 918
35 40 841
79 17 721
83 83 234
65 41 741
25 15 795
75 27 123
31 62 381
45 45 816
34 13 219
63 58 53
28 50 772
33 36 697
48 57 79
31 32 500
18 79 337
30 88 703
5 54 908
13 31 794
64 14 548
13 51 536
19 19 758
22 7 586
16 67 109
62 71 30
21 74 838
43 47 683
69 86 550
59 69 296
73 24 707
62 78 811
79 44 190
11 50 797
30 22 692
52 72 943
11 84 29
3 41 895
31 44 260
36 19 770
1 13 108
17 13 401
4 68 678
75 35 717
58 64 993
10 30 392
89 23 215
25 57 498
78 53 172
89 51 101
68 22 415
7 78 180
58 82 993
38 62 443
44 1 121
45 66 324
75 76 978
41 28 190
61 59 243
26 46 711
41 53 798
56 63 533
60 57 238
33 42 49
84 81 412
46 37 588
36 64 881
67 2 403
40 30 178
47 70 162
54 89 466
11 25 788
4 36 797
34 7 127
30 41 716
69 5 729
6 42 91
84 12 989
9 11 721
20 52 44
9 59 993
87 64 991
32 19 379
77 60 336
53 19 928
14 31 854
67 83 515
81 35 540
20 41 8
60 54 652
12 41 151
68 61 296
13 33 117
65 59 546
50 57 292
14 43 9
10 77 828
24 54 271
69 85 814
70 3 66
86 32 150
28 81 221
64 44 851
40 63 683
32 76 341
43 31 295
73 75 201
49 47 389
63 64 132
67 42 414
27 15 904
36 58 802
29 65 963
71 64 415
80 38 288
15 18 145
63 54 987
46 62 288
69 55 547
87 39 649
74 59 138
81 88 150
11 85 936
2 75 155
36 45 154
11 67 326
6 60 470
90 1 608
62 82 472
71 14 43
84 46 727
60 85 493
78 85 693
16 30 201
90 78 77
56 13 930
28 13 523
3 46 159
69 56 574
75 6 40
24 46 47
1 16 324
74 9 522
34 18 381
8 71 824
44 11 815
25 3 788
48 69 28
25 86 199
88 40 358
20 8 397
74 42 794
65 14 62
75 63 539
78 72 769
26 23 795
25 49 326
32 67 353
90 34 211
8 53 148
21 45 359
12 64 636
44 15 190
35 82 120
90 12 728
29 35 160
80 19 138
3 37 493
22 42 946
72 10 346
26 65 242
37 59 208
2 79 982
5 58 636
13 76 653
4 8 320
64 23 98
90 80 101
68 28 329
60 2 987
22 48 794
90 15 393
10 60 772
75 56 234
86 20 600
83 3 189
58 32 657
17 74 398
67 68 875
35 52 149
68 48 22
76 76 306
10 84 257
31 88 178
30 47 800
13 77 706
63 26 405
63 37 994
10 68 696
61 32 523
77 23 268
39 50 597
24 9 281
82 50 109
37 20 132
23 23 940
29 71 668
84 89 625
69 9 613
90 28 148
30 62 704
48 79 216
14 4 206
80 49 250
25 32 908
20 60 34
61 50 239
85 80 346
33 15 668
36 23 263
36 38 451
81 54 121
18 7 922
82 33 681
54 18 188
10 50 55
19 49 936
37 26 136
36 63 643
67 53 368
69 41 603
34 20 305
33 86 314
34 31 961
82 78 866
58 50 428
89 90 602
80 25 628
52 23 326
66 28 591
84 30 564
14 23 236
79 83 25
61 62 794
59 11 292
35 23 843
80 5 870
41 25 78
66 11 698
23 21 315
3 91 418
16 43 642
31 17 486
5 51 559
84 47 234
47 53 851
31 89 513
61 83 215
73 18 775
75 42 343
73 23 806
83 64 992
69 79 711
30 18 389
55 74 231
75 45 652
2 37 255
50 40 125
70 10 590
5 9 751
54 34 220
18 46 315
68 9 206
53 7 381
69 8 303
81 66 538
74 60 286
27 61 230
49 28 96
60 71 802
73 74 153
69 82 536
89 25 992
68 58 71
83 27 972
83 59 878
65 34 257
7 6 986
76 40 961
75 82 510
34 87 75
9 50 108
77 78 481
28 32 956
5 74 535
52 21 945
32 49 955
79 52 362
31 71 691
36 66 896
39 86 163
56 16 380
39 77 781
16 58 332
45 56 538
76 11 57
8 87 753
80 40 683
58 9 999
76 33 324
67 17 180
7 40 151
80 88 863
7 76 701
11 48 230
26 91 761
85 46 334
4 80 578
48 16 735
78 88 805
80 55 642
30 58 612
14 88 299
38 49 156
5 14 705
51 53 143
66 71 915
67 49 430
49 69 238
20 42 863
40 86 744
23 45 190
42 32 193
74 65 393
87 81 46
17 57 714
14 55 459
55 56 402
6 3 908
83 69 226
29 61 22
17 88 385
66 35 691
46 74 59
46 43 580
23 50 867
37 34 55
82 5 88
84 74 237
6 71 557
57 70 716
20 22 494
44 29 814
13 61 474
3 59 10
10 61 834
59 51 99
16 26 76
65 83 174
22 41 595
23 83 299
70 23 643
78 91 241
76 19 769
52 13 986
74 51 549
38 22 750
89 14 159
52 4 673
45 30 107
79 68 461
42 47 998
59 73 761
70 18 139
67 81 971
40 83 62
26 34 398
46 25 630
30 37 541
50 55 150
90 20 949
82 87 243
63 76 642
48 32 29
30 89 565
24 67 36
35 61 896
8 33 24
31 31 25
69 35 144
88 59 56
56 76 794
12 62 608
83 58 802
41 21 523
78 1 540
58 41 646
4 11 684
34 88 406
44 44 207
13 16 362
4 74 971
43 66 880
62 39 576
26 1 823
11 90 88
64 18 819
1 61 208
59 40 54
35 4 172
72 28 174
66 89 525
58 47 442
27 44 865
14 22 217
50 46 28
86 10 385
85 76 515
9 14 547
76 34 606
59 34 975
2 21 722
71 15 426
87 87 50
29 15 221
39 6 762
11 68 994
43 3 206
65 75 795
83 13 808
29 5 638
8 24 973
64 74 454
76 36 327
48 55 375
74 72 878
43 36 958
70 32 228
37 47 597
28 42 279
74 78 877
6 47 567
11 33 826
37 10 354
49 44 516
67 8 341
78 89 195
62 70 982
74 74 384
65 15 905
78 70 472
62 65 712
54 83 407
67 38 279
74 83 541
24 85 637
54 59 826
12 91 256
33 33 582
19 90 320
31 7 159
52 29 227
23 46 194
73 10 136
80 1 633
81 83 460
16 50 765
68 24 130
13 78 996
58 58 203
72 55 788
65 76 194
57 53 837
14 19 258
53 43 428
51 4 612
49 58 235
7 24 194
10 34 652
83 37 249
7 2 190
59 42 149
90 54 121
80 78 571
32 44 48
38 9 210
47 35 1
66 67 895
47 72 100
31 12 955
64 10 406
65 45 762
66 56 951
50 88 365
54 39 298
90 51 462
27 13 921
35 28 355
16 29 485
11 79 703
14 37 420
20 78 124
19 16 199
79 79 715
32 90 706
53 31 234
87 44 790
10 49 147
88 12 631
36 36 216
50 89 802
78 11 675
38 50 492
26 78 694
54 43 971
44 89 905
74 47 444
51 2 702
81 32 957
19 42 960
54 57 283
15 54 224
86 18 277
19 82 223
43 12 309
83 50 66
85 91 344
67 37 625
19 62 927
16 78 2
53 30 556
18 27 467
87 46 8
41 76 764
70 54 648
6 68 230
77 57 220
63 84 510
91 7 330
75 46 147
60 64 605
43 57 479
17 33 234
4 69 168
51 6 756
58 2 170
61 61 371
63 34 889
58 89 795
24 4 802
10 32 212
70 20 47
56 9 611
8 3 637
26 25 893
75 47 227
82 48 612
16 54 976
81 76 313
87 77 1000
31 65 831
80 84 675
75 21 201
46 71 823
58 14 236
15 17 651
8 30 181
85 42 610
13 35 918
71 13 485
70 22 439
79 40 220
20 54 557
75 13 121
60 73 620
55 27 447
53 53 316
21 15 629
29 86 438
86 6 536
53 36 169
49 68 973
65 72 763
43 62 101
59 12 149
36 44 716
33 18 781
29 91 97
12 66 204
50 30 841
25 40 709
52 44 325
13 66 210
33 64 241
4 33 426
19 39 450
8 65 648
62 90 738
24 24 605
6 11 684
46 86 409
1 9 221
48 90 235
65 68 46
31 78 661
9 77 156
83 43 809
27 69 320
26 53 224
32 23 966
67 56 381
27 35 344
26 40 642
68 46 379
10 65 696
74 13 140
90 91 611
25 43 470
14 18 937
80 54 343
55 62 309
36 57 202
88 73 348
69 53 956
63 74 344
2 3 639
10 85 21
61 48 455
43 81 895
15 81 588
57 23 939
10 4 460
78 19 316
16 36 313
8 70 119
56 57 832
40 85 772
27 67 732
2 2 69
83 76 521
84 36 846
7 69 867
80 47 264
48 19 46
6 80 985
50 90 280
22 40 989
54 45 148
80 91 42
34 25 256
51 76 286
81 20 874
57 39 465
37 74 283
22 79 307
7 55 568
24 38 179
65 66 193
72 24 34
45 40 96
12 54 766
56 56 596
63 39 209
77 62 892
22 45 698
81 70 537
15 41 574
27 82 934
14 57 708
39 61 52
37 23 852
64 40 952
78 6 977
85 61 931
12 17 774
55 33 424
38 35 140
27 84 333
53 74 577
75 70 255
39 49 163
26 35 744
40 5 521
32 6 644
65 79 340
9 80 225
50 50 289
66 33 821
75 40 147
40 1 69
14 46 816
32 68 783
28 57 64
85 7 809
32 37 79
24 11 572
64 79 913
51 38 74
6 22 843
79 74 630
23 8 992
53 76 657
90 49 494
62 64 54
60 80 393
47 82 482
28 58 549
60 86 268
57 4 630
40 38 815
40 6 82
70 45 802
51 40 547
76 30 959
76 28 244
47 19 805
31 6 410
49 79 780
6 88 466
88 10 895
74 14 384
26 82 31
27 64 780
15 87 403
91 49 539
5 23 418
36 59 83
7 64 198
13 63 749
35 70 795
28 21 605
74 49 818
84 39 87
20 45 567
57 12 484
90 27 228
45 78 561
71 54 434
38 85 882
82 56 380
74 57 813
40 48 101
91 42 294
18 11 271
71 72 206
44 78 65
85 89 154
47 50 714
3 58 673
31 84 635
59 45 740
67 57 969
24 22 129
9 61 648
56 11 904
4 1 532
48 39 149
79 76 288
58 23 84
69 39 81
39 23 375
67 52 819
11 86 60
21 67 436
18 57 368
87 30 988
26 44 620
64 76 327
39 90 28
32 85 136
42 50 991
63 42 433
63 18 406
57 1 431
31 73 485
32 16 502
20 64 612
50 31 958
16 62 353
68 70 419
83 39 206
86 55 215
60 47 697
24 79 392
56 44 290
64 26 218
75 33 873
17 47 795
80 30 444
43 28 33
16 91 746
59 80 760
38 18 174
75 8 142
89 29 195
15 4 330
4 76 529
52 19 703
12 55 842
86 37 325
66 19 995
3 3 201
12 56 242
18 22 861
23 27 906
8 54 25
58 71 558
77 33 510
85 12 171
20 63 470
36 35 133
45 63 43
87 16 584
72 31 858
15 88 56
53 71 726
52 30 610
91 77 885
67 91 942
72 30 539
45 37 255
73 35 509
17 68 794
3 48 951
1 60 682
56 32 534
35 77 346
10 39 216
28 23 336
91 40 524
26 54 648
52 74 137
1 50 688
66 37 13
74 3 162
51 3 589
27 80 929
79 7 36
16 64 401
36 79 528
2 87 591
64 39 890
46 13 621
20 87 374
71 52 56
70 70 243
73 62 805
21 34 889
22 3 220
27 56 476
13 20 472
90 47 991
40 61 374
39 11 205
15 34 639
52 58 376
27 85 686
4 55 135
45 58 606
41 55 592
49 15 707
87 3 312
6 6 513
70 29 317
38 68 930
44 63 836
72 13 121
77 31 449
85 62 214
20 71 761
35 35 358
75 52 410
84 34 12
70 51 368
47 47 613
28 17 285
3 40 118
49 9 113
21 84 251
15 40 628
15 79 110
28 64 451
76 6 615
70 76 664
48 64 750
69 3 656
20 24 326
24 81 651
76 68 579
19 24 353
80 11 642
32 52 49
77 80 237
13 5 752
43 89 802
83 20 200
33 26 790
40 54 340
13 18 24
12 45 7
41 83 209
17 80 781
86 57 193
35 12 513
15 55 38
42 72 83
2 86 394
12 60 298
5 20 127
19 35 539
33 62 865
91 18 615
29 2 885
86 38 559
23 60 179
45 89 858
41 10 938
9 25 913
38 88 548
63 65 243
22 66 243
73 14 549
13 69 23
48 7 154
42 5 639
63 88 879
31 45 958
10 29 790
89 65 571
80 41 265
62 76 7
87 14 669
40 27 154
