84 2021
77 15 90
3 76 436
60 24 301
54 5 920
19 43 727
75 19 684
68 50 85
45 2 767
55 19 756
39 59 104
79 57 882
49 32 242
30 63 646
6 46 687
75 18 863
79 49 303
54 71 151
57 30 132
16 67 148
65 69 627
66 32 281
65 41 343
24 53 697
47 9 103
1 66 374
39 41 593
69 46 973
70 71 881
50 16 585
64 32 163
56 83 754
76 32 760
48 67 581
18 27 613
5 43 955
13 58 679
23 45 379
18 47 369
34 47 678
8 74 276
72 64 211
71 66 361
62 18 222
22 35 323
62 8 3
46 44 411
80 1 984
76 43 363
5 36 148
20 18 880
69 29 709
6 33 875
52 55 337
63 56 260
70 69 1000
13 66 906
54 50 579
49 35 149
34 44 294
53 25 241
6 59 856
56 67 986
59 24 323
73 37 742
37 48 482
57 7 271
21 17 748
5 37 215
10 64 819
66 14 587
77 65 879
77 54 496
49 72 637
20 30 319
15 24 594
34 57 675
59 55 724
75 48 827
76 2 338
53 2 814
47 52 359
11 8 442
20 56 90
77 63 114
48 16 42
3 39 252
81 68 325
62 22 982
29 42 601
59 7 324
10 57 184
6 63 960
16 1 655
26 56 718
49 61 928
64 47 440
57 39 514
14 53 28
51 80 523
74 36 306
27 48 829
50 12 355
35 68 380
47 47 902
61 7 752
40 17 829
78 69 224
3 26 853
22 1 931
10 44 5
47 11 813
13 68 283
66 75 127
68 79 898
59 20 842
17 36 708
73 18 46
12 71 129
56 79 329
15 65 245
30 82 241
14 38 217
40 39 1000
55 10 474
56 35 934
18 76 888
50 21 31
82 40 120
63 73 436
75 37 471
74 1 514
20 12 536
40 65 720
30 80 142
12 53 993
49 15 828
74 21 235
7 58 955
73 75 877
45 65 256
72 25 688
46 10 509
13 27 534
5 35 143
40 60 285
44 3 632
47 62 501
78 73 479
63 75 531
40 41 154
75 12 34
83 40 501
17 83 996
54 26 258
49 60 376
50 5 646
49 34 459
84 57 159
75 70 37
18 37 402
3 49 223
12 6 156
53 71 215
77 22 910
3 71 881
37 69 7
13 33 728
81 59 814
78 81 469
72 45 424
25 70 243
65 64 300
81 74 213
43 56 684
45 15 319
58 40 208
41 79 128
10 36 998
67 72 64
12 31 877
10 37 777
34 69 175
14 83 446
12 38 788
44 42 667
16 22 906
46 22 598
27 26 993
32 45 26
42 59 350
2 4 725
20 78 680
57 38 573
58 34 169
76 40 811
15 48 90
17 7 775
20 58 766
84 18 561
21 20 97
81 53 149
7 55 286
67 62 962
20 44 843
1 26 725
21 62 325
59 13 827
4 36 683
61 37 100
64 57 105
80 78 155
80 70 494
79 64 184
39 33 596
15 75 774
59 63 928
82 47 373
25 51 6
52 78 767
30 15 350
31 49 456
13 45 947
35 84 652
37 83 649
71 50 130
40 75 834
59 4 504
76 44 971
41 36 261
74 50 61
55 55 255
60 65 674
61 55 47
6 54 958
37 54 30
60 56 8
49 46 310
8 66 638
16 57 4
69 14 90
5 2 602
25 63 425
73 35 858
31 73 61
48 5 147
21 77 59
13 76 253
17 76 291
43 60 374
28 76 979
28 46 353
19 32 849
67 45 180
72 37 264
63 22 649
52 29 547
65 5 467
64 54 400
61 13 2
8 52 748
30 29 176
16 23 195
74 47 241
33 44 92
31 17 946
77 50 797
13 30 769
52 23 412
50 59 10
17 39 566
21 35 441
59 21 36
22 78 166
54 62 432
34 60 715
58 79 862
73 12 764
41 4 836
2 35 719
21 9 770
7 34 59
63 34 57
30 67 150
34 72 807
1 40 93
73 3 487
33 1 739
33 16 89
80 75 632
57 80 19
75 4 44
13 82 7
41 52 342
75 6 851
21 67 80
17 54 147
45 50 345
24 7 190
42 25 317
45 36 873
28 9 462
43 26 883
14 28 393
10 73 146
53 10 851
69 40 835
41 61 476
28 1 219
14 47 905
28 49 627
54 29 867
62 1 917
52 52 521
28 65 239
17 56 93
13 50 586
66 17 849
24 40 94
38 44 585
74 34 697
56 21 85
5 17 508
17 20 377
56 31 464
71 7 731
23 38 213
63 81 283
74 59 120
55 4 391
67 8 418
53 43 197
34 50 182
64 77 322
55 21 453
47 6 582
42 31 235
48 11 469
66 7 324
35 61 781
60 27 885
5 32 942
22 72 534
41 56 562
53 56 759
81 21 482
61 14 289
38 36 513
82 7 179
35 46 873
9 23 134
75 82 840
44 5 829
26 21 331
48 54 98
38 60 655
52 10 463
17 53 677
73 26 559
38 50 138
38 25 31
54 51 87
42 81 669
84 70 43
10 74 575
61 16 19
23 51 612
31 82 98
14 54 992
31 84 26
3 24 371
62 28 715
65 65 333
63 5 755
1 38 698
15 64 672
77 41 882
2 43 934
79 8 190
16 21 338
4 16 63
38 72 524
20 66 871
8 27 453
43 79 935
48 59 586
2 54 943
37 34 814
47 41 175
68 68 98
17 14 272
43 33 912
80 42 192
82 73 78
38 35 813
18 53 322
10 84 801
82 80 429
20 79 655
10 50 676
55 57 530
52 1 808
32 79 266
81 40 222
15 5 119
52 81 531
48 77 159
70 6 795
66 52 755
56 66 738
16 51 954
77 69 246
75 17 865
46 36 230
46 8 745
75 77 752
44 26 943
44 67 456
21 44 917
46 58 960
83 35 904
84 23 109
15 39 589
42 42 975
31 59 446
14 35 507
69 50 683
54 8 299
32 53 642
63 17 790
3 75 394
65 25 22
55 23 39
31 63 1000
37 20 181
12 14 280
33 56 691
28 64 97
6 62 497
50 31 364
19 4 849
33 55 400
11 23 176
2 22 562
72 41 847
17 52 105
40 61 238
83 32 242
69 79 722
72 50 191
21 54 399
78 3 238
79 28 300
79 78 12
69 60 311
69 54 203
39 83 204
40 55 809
35 76 71
26 38 665
62 34 358
43 66 436
68 55 893
64 29 812
55 26 504
35 3 666
1 44 859
59 15 422
33 26 555
10 66 963
28 80 544
48 72 21
3 50 967
45 16 349
77 49 677
58 71 370
28 67 750
19 40 883
84 36 222
51 65 576
63 16 431
78 25 798
58 54 431
82 71 342
36 28 311
19 62 790
76 60 419
17 12 263
39 24 151
65 66 221
50 46 101
3 56 802
13 67 162
11 30 594
84 79 309
45 47 371
2 75 126
38 69 550
45 8 807
41 53 636
32 21 957
83 58 115
34 46 779
31 21 69
72 13 324
48 66 245
80 58 936
26 2 895
42 49 266
58 49 199
83 18 273
37 28 19
61 15 427
43 68 670
68 16 336
79 35 554
24 49 758
42 2 497
17 43 156
33 81 939
49 18 824
19 77 965
30 31 333
32 78 145
71 43 853
71 75 316
4 31 801
60 11 175
18 5 627
2 37 34
77 79 957
69 33 116
53 5 688
56 19 663
70 33 830
43 31 728
69 55 558
47 63 385
38 15 689
67 35 669
17 15 549
53 48 339
36 21 866
32 52 659
29 3 700
25 32 561
28 18 354
12 83 654
75 52 334
46 77 362
16 10 965
18 55 203
23 27 703
45 34 600
31 76 104
56 1 918
18 51 566
22 20 314
24 69 341
17 42 237
66 81 454
43 41 63
29 77 908
52 35 90
20 16 293
50 50 531
5 45 313
40 6 753
58 11 41
73 47 976
22 28 189
9 16 686
38 5 379
31 22 938
43 70 334
76 59 370
72 81 21
34 6 369
61 18 303
18 19 148
52 74 969
2 34 825
55 73 980
83 49 384
8 24 132
74 72 877
50 26 382
41 51 716
40 5 903
49 51 993
1 23 433
76 56 341
40 51 94
44 68 192
15 20 381
5 57 33
71 73 955
10 3 287
8 80 539
51 52 394
47 40 558
53 62 942
80 61 956
58 1 968
51 36 439
67 15 810
65 53 345
57 24 377
66 39 243
14 73 975
35 50 129
45 46 565
71 48 308
31 33 88
51 19 488
81 27 935
7 28 24
18 57 822
19 17 512
64 55 650
14 40 639
81 47 958
1 2 444
9 25 673
20 68 676
33 36 668
28 81 1
82 35 877
25 66 119
6 84 805
23 46 983
43 44 96
45 4 280
13 3 686
58 4 982
80 33 254
27 63 522
67 41 912
78 50 481
46 74 242
42 3 823
21 11 105
80 10 696
63 68 970
15 31 128
83 64 744
73 36 347
68 78 498
66 27 661
5 31 905
28 84 756
26 78 389
2 32 711
70 50 923
14 76 146
80 62 684
23 24 216
20 31 582
7 40 792
40 25 526
46 63 767
14 70 561
2 29 814
16 76 425
61 22 368
18 65 255
4 82 417
6 52 963
67 18 151
64 35 304
16 8 752
33 82 988
84 41 828
50 73 242
65 46 3
84 65 691
45 79 91
3 6 174
69 8 931
10 5 649
29 37 136
26 63 667
21 63 101
44 12 231
28 57 934
44 47 112
62 39 326
41 16 807
1 24 254
74 79 191
27 21 491
64 39 855
27 30 464
33 73 588
39 32 883
13 16 734
22 11 559
19 67 521
4 49 477
35 1 705
66 22 435
73 69 893
44 39 394
26 40 117
36 20 238
78 78 99
84 49 168
74 66 362
1 55 604
76 46 751
57 67 590
43 64 639
78 64 104
54 13 288
15 33 25
8 35 729
25 81 876
81 69 50
31 39 528
10 22 946
48 17 684
73 2 645
32 61 359
44 44 690
42 18 455
79 2 142
38 39 80
11 1 92
58 77 50
27 12 907
37 74 430
5 16 449
38 47 514
11 7 633
45 68 356
64 25 322
29 11 764
72 36 802
51 11 340
70 20 785
35 69 991
16 30 259
70 49 611
47 49 894
73 46 310
23 20 74
41 74 981
17 55 856
24 29 925
24 56 667
44 84 790
79 33 938
73 1 51
10 8 962
27 67 624
42 28 955
82 18 544
49 7 49
80 50 672
63 48 407
29 45 469
59 72 147
50 7 111
47 23 390
25 14 880
47 5 752
62 40 413
84 42 628
24 63 897
7 37 125
32 22 726
31 24 568
29 36 846
83 75 70
78 51 65
30 58 671
54 73 409
60 67 11
82 61 875
19 79 477
76 45 784
9 30 764
23 64 306
37 8 988
80 17 509
56 36 788
81 60 458
66 38 581
17 79 538
29 19 117
1 5 260
39 10 944
60 19 450
40 53 321
84 20 678
20 29 259
50 76 971
32 12 74
2 83 753
2 47 23
79 46 435
23 39 366
49 66 98
15 58 817
50 19 212
47 72 699
39 63 650
50 24 878
82 32 974
3 70 313
61 8 44
78 54 285
2 6 531
55 63 727
68 47 80
13 60 689
72 79 623
71 83 297
36 64 245
3 79 183
49 80 553
18 15 985
55 31 413
19 83 60
45 27 644
56 32 685
15 78 563
81 49 680
43 80 715
22 3 995
36 53 594
57 15 283
27 2 390
26 9 732
48 73 24
48 82 514
47 71 836
11 52 679
56 42 50
29 83 338
18 9 295
16 46 907
12 26 400
42 46 758
4 40 863
29 1 710
68 57 819
27 3 606
61 58 250
28 83 897
70 83 530
21 43 800
71 80 752
30 41 761
12 41 33
83 54 326
44 57 719
23 59 943
50 43 459
8 19 325
39 72 296
14 19 352
78 75 997
60 82 74
38 76 823
81 45 171
22 12 272
28 68 374
20 46 5
15 23 153
32 33 861
47 39 840
66 2 985
84 82 70
79 12 418
4 44 342
30 6 279
81 7 802
1 72 113
82 6 385
82 58 687
29 28 402
41 76 636
30 79 672
8 55 99
21 29 332
22 83 548
60 47 357
76 81 887
9 29 643
73 11 21
4 11 402
20 82 583
27 31 459
75 11 185
44 35 452
6 67 945
2 18 37
22 57 479
36 66 837
18 64 820
44 30 96
5 26 771
69 13 563
57 81 675
18 26 146
33 29 966
26 31 331
32 72 182
48 64 744
28 13 899
9 17 333
32 51 30
63 49 77
3 57 33
67 76 948
16 52 173
40 67 53
22 52 448
55 65 963
17 44 937
63 10 353
12 76 645
67 69 720
41 42 54
80 52 677
41 34 939
39 35 429
71 4 392
31 34 693
25 3 851
69 64 209
22 30 463
11 68 624
50 2 922
59 37 376
71 74 897
3 8 455
38 33 69
33 47 798
72 31 576
5 75 558
63 36 841
78 23 943
37 63 237
71 56 58
72 24 655
63 76 956
22 33 524
36 32 465
65 42 279
8 31 401
71 52 948
43 75 206
79 75 99
6 10 58
25 36 88
46 12 72
57 70 948
31 45 622
48 45 463
78 67 438
75 38 788
25 41 558
7 69 826
5 8 487
69 16 836
58 12 339
60 1 927
34 64 146
78 27 756
56 69 581
47 28 819
68 32 657
22 17 481
76 11 208
82 72 14
10 29 830
38 8 717
30 69 503
18 7 395
68 1 732
72 2 347
63 71 241
68 17 178
55 79 153
56 52 402
18 3 778
46 80 296
67 20 100
70 10 979
73 13 344
17 65 759
55 81 854
82 9 605
44 22 690
22 39 628
76 74 971
77 9 212
4 72 964
40 21 434
4 57 577
64 68 725
40 46 415
58 41 878
72 6 481
43 8 781
18 8 786
6 20 538
61 12 11
17 18 884
82 50 974
61 50 364
11 24 721
12 64 430
11 54 676
64 61 626
77 30 588
17 17 584
6 7 294
76 34 376
47 31 602
28 54 103
17 16 541
43 48 411
55 77 176
58 9 931
68 40 499
56 73 29
46 61 31
29 4 593
5 28 242
37 78 475
67 79 400
33 40 679
55 3 744
60 70 950
38 41 425
80 35 535
76 36 363
14 52 618
42 12 778
68 14 225
53 23 967
46 33 803
11 79 922
15 11 259
69 19 575
74 73 41
52 84 888
42 48 954
13 1 44
42 34 353
1 78 958
16 64 937
4 46 718
80 45 964
64 58 766
52 40 789
23 70 120
67 74 924
21 22 443
49 75 357
77 26 770
72 20 553
76 1 920
54 24 745
19 31 918
41 18 415
60 72 227
60 60 37
36 75 643
14 62 4
57 41 87
84 43 380
43 6 781
69 52 685
66 19 661
51 24 550
52 53 27
6 57 822
45 57 257
81 39 101
71 35 983
30 48 790
48 68 80
21 57 604
71 38 476
34 9 659
79 79 246
34 38 102
73 84 227
4 83 88
58 68 840
30 18 595
25 69 250
74 18 130
12 40 204
83 26 567
23 83 422
5 58 651
23 57 56
69 10 271
15 32 563
38 77 357
84 17 451
13 56 567
14 84 94
83 5 420
20 7 298
17 1 243
49 44 631
36 59 406
72 12 634
12 18 677
31 71 278
84 48 591
82 69 954
8 60 265
62 29 702
6 38 396
26 45 716
24 55 22
16 49 199
67 81 566
45 30 995
12 3 780
48 39 475
8 70 316
25 43 387
16 40 418
23 48 93
9 36 527
45 49 350
72 76 636
36 40 447
13 39 902
76 15 212
61 73 136
60 23 782
34 36 667
4 24 881
23 36 88
53 72 916
44 40 267
39 36 542
68 53 534
78 82 789
16 83 740
48 31 332
72 15 443
22 15 10
49 10 162
18 31 281
37 41 90
58 50 817
10 33 392
49 54 400
22 47 246
82 63 943
48 33 375
70 30 502
19 65 173
41 62 709
55 22 490
42 51 909
83 63 607
41 11 43
9 1 345
55 36 53
64 38 787
36 37 59
77 77 609
16 78 318
57 25 181
70 2 361
4 60 40
50 14 831
63 57 450
60 59 852
63 52 221
82 38 995
70 78 415
42 15 206
60 29 937
49 23 882
64 11 579
39 82 302
34 1 148
63 33 340
8 26 423
40 48 409
53 74 468
26 71 234
14 5 743
53 45 747
11 71 11
77 10 29
26 26 634
14 79 309
54 55 262
23 41 635
8 56 149
43 40 61
57 82 652
35 42 626
46 21 297
76 65 61
51 76 534
62 66 217
13 26 244
82 45 471
80 23 817
56 15 171
9 71 90
35 77 589
56 37 332
65 21 409
58 63 880
68 84 432
79 65 399
53 29 982
72 66 723
20 5 287
6 51 315
22 60 221
34 55 782
49 59 682
33 21 342
34 61 259
69 76 317
77 39 581
72 17 28
37 9 380
43 38 263
57 2 972
72 56 782
28 71 244
82 62 393
81 31 5
71 60 798
54 72 975
80 56 360
44 50 981
68 39 847
18 45 221
4 8 786
81 32 302
59 32 926
21 78 34
11 65 240
12 5 394
52 73 197
9 67 370
58 38 913
29 82 864
69 15 334
73 25 803
27 59 465
15 13 654
53 66 971
12 62 831
43 46 99
4 5 242
8 8 160
9 61 977
20 39 571
59 26 67
71 27 961
64 76 750
44 14 415
68 38 730
8 53 493
75 84 378
2 82 999
65 14 451
75 64 543
12 30 631
49 13 141
84 15 314
56 22 8
59 33 10
61 6 763
6 58 210
27 49 768
52 44 11
64 82 756
69 6 891
24 42 615
23 29 451
4 67 17
43 45 617
31 68 706
55 15 655
61 43 803
83 25 936
50 42 709
32 75 718
26 34 554
6 26 39
32 43 934
84 83 636
77 56 693
18 68 975
75 41 936
8 68 49
84 11 918
60 7 470
43 49 42
51 58 819
5 27 138
71 13 889
66 60 929
1 77 689
81 61 736
5 21 499
22 41 478
39 60 324
3 61 305
61 26 884
77 68 563
58 33 434
25 33 671
42 73 760
62 70 837
70 74 723
14 14 66
80 37 456
46 84 62
15 16 691
22 4 892
54 43 946
24 16 516
27 35 796
68 46 160
34 82 405
55 58 655
35 58 31
8 73 11
77 23 411
15 83 229
7 4 665
63 63 549
5 41 679
28 6 939
79 42 878
6 25 22
67 51 428
30 33 682
55 48 981
19 22 977
82 14 725
83 80 466
49 22 468
77 53 642
11 55 16
73 6 208
22 40 98
47 65 290
78 9 828
83 83 144
47 1 305
21 42 648
57 9 466
80 9 970
62 11 794
25 79 295
34 65 572
71 67 335
23 4 14
56 49 583
7 14 8
82 51 735
14 42 316
7 10 197
32 23 968
48 9 653
12 84 668
17 26 130
29 38 953
60 44 718
4 26 72
42 54 769
81 36 814
26 68 229
38 37 497
24 71 846
74 62 632
33 12 373
71 19 584
33 19 413
5 6 246
80 38 589
6 76 506
30 25 294
51 43 731
59 79 853
74 48 630
33 17 262
15 73 741
81 43 667
26 11 991
30 84 193
21 45 308
23 81 246
11 34 149
65 4 470
5 49 187
56 29 285
72 52 432
73 28 999
19 61 775
7 12 475
43 13 722
55 67 449
16 39 705
4 47 924
44 8 391
34 83 884
36 67 704
32 42 645
69 51 901
84 3 464
66 41 940
29 58 799
29 76 849
20 55 52
79 82 513
83 27 714
36 35 911
4 18 769
79 73 318
76 49 876
68 62 263
10 26 116
65 50 334
18 79 314
66 23 688
68 33 766
14 11 458
4 76 731
9 13 190
65 7 951
52 9 990
49 69 275
83 53 735
3 83 88
61 36 460
1 20 122
17 69 375
44 58 893
65 32 624
35 34 282
39 6 144
20 52 59
26 80 215
62 45 376
5 81 823
8 51 844
46 75 443
44 78 566
51 1 783
74 14 205
30 64 939
20 74 877
2 51 749
29 78 518
11 36 43
19 3 587
58 47 511
39 76 321
27 74 102
16 3 168
58 70 996
67 43 256
50 56 493
60 53 151
39 53 659
40 73 271
23 40 193
74 64 549
45 11 630
47 35 903
8 23 390
69 53 940
26 25 624
16 42 854
27 69 878
42 5 595
9 84 366
49 68 345
17 47 922
34 71 197
16 18 830
20 19 334
45 84 931
72 65 691
7 1 321
4 78 241
53 82 305
58 56 462
43 63 85
57 47 280
7 46 554
24 26 653
18 69 787
39 26 43
58 39 572
21 52 909
64 71 88
4 14 139
18 71 590
10 47 910
39 43 164
4 63 795
17 78 709
83 79 288
76 5 375
77 32 472
75 8 9
63 14 302
41 27 622
17 29 582
64 21 721
11 5 801
77 84 135
60 36 238
70 15 711
20 32 169
45 75 370
54 60 473
21 70 475
55 62 121
27 34 849
24 62 646
41 15 784
7 15 37
35 20 73
48 57 548
54 53 573
24 44 941
13 14 677
1 42 674
54 30 275
79 13 309
59 70 769
41 55 75
60 62 386
7 53 913
5 24 955
35 23 222
3 20 724
50 62 327
6 16 326
56 46 748
57 65 921
30 21 957
50 53 545
53 16 988
63 3 616
20 40 413
57 11 843
10 15 708
53 20 619
4 12 480
73 43 948
24 80 781
50 6 786
25 7 284
10 43 333
80 14 701
57 56 816
32 57 175
15 40 128
68 34 575
10 34 486
39 27 931
20 38 490
29 73 523
41 33 81
78 40 403
7 31 534
79 1 521
79 7 388
27 19 763
21 18 954
78 38 269
1 53 49
82 3 609
6 18 863
30 30 935
42 23 10
36 47 541
59 10 148
12 28 904
53 63 306
69 21 75
17 64 664
56 78 671
28 61 520
76 23 967
29 80 800
26 81 577
73 57 689
83 52 999
18 14 392
14 30 188
76 53 416
4 32 309
70 76 666
61 66 258
78 65 997
47 59 794
62 83 492
80 25 100
24 68 599
65 58 813
38 53 105
16 27 528
35 43 122
23 25 94
75 62 981
73 21 675
74 33 27
58 75 333
27 20 754
68 15 205
80 74 376
19 44 516
53 37 598
68 12 549
51 73 390
48 29 416
63 13 963
6 4 744
77 27 695
21 4 783
17 23 529
43 77 339
63 70 771
82 23 776
8 77 259
21 84 660
70 53 969
69 59 800
15 80 195
22 26 301
30 50 636
60 14 50
69 23 553
64 51 982
42 10 900
24 24 975
25 50 641
78 83 247
38 79 588
4 62 840
1 41 790
37 65 926
4 9 254
35 33 61
51 28 849
53 73 701
74 45 883
42 55 744
77 66 361
82 16 554
52 19 19
34 75 182
63 79 136
7 32 226
41 9 260
42 8 873
51 83 647
44 77 653
81 13 87
80 36 781
72 55 219
9 6 280
67 50 592
16 28 704
25 56 104
32 38 417
72 43 281
25 21 489
36 13 570
64 73 485
45 6 390
26 28 507
43 59 383
68 36 228
45 33 521
42 82 78
39 71 530
8 2 568
27 40 562
2 11 893
58 21 114
23 68 93
42 62 182
27 38 954
14 55 571
70 37 804
18 40 684
30 74 45
66 37 473
64 24 972
40 45 318
73 4 89
2 41 235
4 52 179
36 65 358
40 8 563
19 9 473
1 25 517
23 50 408
53 84 196
75 57 817
55 82 610
54 9 744
32 10 839
20 48 569
3 15 699
12 56 522
21 12 124
17 81 447
59 68 740
55 12 427
12 10 187
29 46 316
52 82 92
44 37 870
74 60 796
16 77 379
50 49 383
78 14 418
56 44 541
71 14 332
62 15 725
18 59 732
11 10 325
13 23 781
51 51 562
82 1 940
56 84 160
45 56 789
48 4 901
28 63 303
63 54 99
11 32 753
36 78 153
22 29 351
84 78 55
27 62 917
63 62 590
28 50 765
74 35 13
84 69 538
20 62 980
29 57 922
36 22 354
57 1 75
64 4 143
61 38 781
78 58 775
57 58 279
38 9 157
56 48 598
16 84 659
80 32 805
9 60 917
67 24 270
70 17 799
34 51 645
2 7 285
82 77 548
36 31 444
37 67 813
8 12 391
44 27 350
52 60 388
18 80 185
80 3 892
58 84 751
2 30 642
28 74 113
52 76 117
3 68 233
23 72 202
14 58 388
63 51 368
3 46 466
75 54 349
81 51 839
33 33 920
5 55 480
34 24 573
61 33 76
14 34 576
47 55 977
41 24 213
36 58 14
6 48 563
47 25 855
70 82 670
12 60 867
43 30 202
19 53 782
76 42 302
25 76 732
83 36 137
84 51 146
50 27 656
32 41 855
2 77 69
71 45 262
9 68 661
9 62 646
46 83 128
81 19 997
33 34 969
84 84 538
40 66 369
4 56 803
21 61 835
30 28 578
79 29 59
37 26 126
74 75 318
80 59 600
66 21 749
84 24 525
20 4 272
13 51 992
30 65 471
49 52 109
54 31 912
53 58 151
18 54 894
24 65 700
50 39 821
23 37 342
31 3 618
18 81 846
12 80 537
65 80 486
76 78 296
64 33 841
37 43 814
58 32 614
13 7 916
13 62 713
55 27 639
69 75 611
49 20 388
66 55 664
16 11 794
47 56 201
42 67 555
71 57 714
53 28 501
34 15 909
36 15 912
56 82 801
26 82 772
32 8 489
41 80 972
13 18 668
20 24 821
20 33 878
36 2 554
21 60 256
30 71 149
57 37 750
20 10 510
47 54 629
66 68 158
29 74 20
24 58 777
33 8 435
47 69 717
49 49 653
60 80 569
57 78 971
26 14 897
62 49 431
53 21 626
70 31 935
36 14 830
27 11 174
80 72 655
19 15 39
49 33 956
37 31 953
84 7 528
65 62 50
45 64 593
74 22 392
17 50 650
1 10 478
63 69 963
62 56 415
61 25 260
49 41 584
67 73 265
62 43 223
62 61 431
28 72 262
84 26 21
55 38 902
38 81 722
59 34 273
4 34 869
54 36 761
31 66 377
30 5 199
27 76 255
26 69 529
38 49 209
41 44 380
47 67 218
53 80 732
68 37 658
37 1 674
24 33 371
52 18 477
35 37 843
80 77 191
77 33 311
70 38 713
29 44 491
18 44 934
2 61 478
10 17 461
65 56 185
60 33 673
70 51 206
2 33 399
29 27 219
58 59 698
38 18 69
26 15 247
41 70 813
67 75 861
51 38 581
54 61 197
44 23 680
69 42 671
37 16 67
76 83 124
58 10 404
3 48 476
46 78 18
39 46 154
1 64 610
69 68 57
79 36 362
24 30 901
54 39 158
19 63 825
12 52 154
21 41 970
67 5 612
9 14 91
7 47 220
78 8 74
62 5 833
44 66 747
43 28 927
73 62 54
5 52 339
2 68 696
46 64 787
41 20 617
34 81 215
40 59 847
34 19 978
1 12 168
25 55 252
70 73 269
79 5 41
32 44 98
28 10 930
3 54 524
26 52 274
81 54 524
71 21 330
8 30 507
62 44 75
77 40 994
81 6 532
33 11 775
60 58 396
19 70 689
43 9 421
27 56 167
79 47 72
48 58 622
35 10 52
59 29 123
82 12 114
83 50 12
29 70 662
55 37 186
41 31 245
50 8 767
84 25 321
81 80 310
44 65 663
82 65 429
22 82 524
48 34 744
32 84 332
66 26 396
66 58 82
52 45 582
14 32 254
81 14 514
53 46 925
20 34 904
74 51 242
39 34 998
