75 1753
30 2 205
28 11 922
23 20 930
22 13 19
31 6 393
55 44 63
26 5 12
72 61 697
65 68 542
3 28 109
53 15 344
21 25 890
51 9 928
64 36 984
45 61 332
65 74 489
17 44 673
16 74 886
9 59 196
9 23 668
23 66 701
44 48 473
74 34 897
28 17 240
71 48 185
35 23 676
39 28 64
31 39 505
75 51 318
74 49 989
3 26 142
21 15 579
45 31 436
57 72 287
64 57 625
9 71 160
38 58 330
33 70 506
14 17 625
71 4 39
29 24 907
30 59 529
22 14 276
52 58 365
57 18 171
47 12 351
4 3 297
40 20 515
63 33 391
63 1 181
62 75 884
7 11 699
14 41 555
46 6 251
25 34 497
15 64 488
31 40 934
74 50 210
11 25 731
30 51 938
49 41 568
69 48 427
66 32 3
50 53 19
15 39 76
37 59 583
65 3 389
51 14 281
36 21 25
24 9 627
74 66 629
46 43 832
68 21 483
10 25 335
4 43 106
73 15 259
9 12 783
27 2 323
61 7 944
15 68 647
48 23 324
58 42 389
31 4 81
30 17 244
6 37 997
55 36 594
12 49 845
71 61 969
46 12 811
21 65 904
24 68 797
61 36 515
9 38 457
23 43 309
33 59 752
62 7 179
4 67 600
2 59 110
59 20 820
37 22 961
17 8 841
20 27 527
12 12 246
1 37 40
75 8 194
39 33 971
62 33 628
19 46 791
26 46 560
23 61 264
10 18 774
6 22 945
39 27 682
45 56 562
41 55 421
57 65 43
44 31 511
26 38 209
48 8 700
56 6 104
68 14 455
22 54 425
7 32 354
32 26 506
62 22 525
28 73 359
60 9 559
73 44 472
27 27 196
53 67 830
13 55 844
18 2 500
32 41 896
53 22 756
37 54 110
48 60 242
10 67 665
47 33 103
48 39 833
54 19 666
48 48 922
41 28 764
32 43 898
27 71 625
31 56 570
67 40 362
35 47 91
46 36 450
39 61 741
19 16 106
26 69 374
13 13 373
23 72 567
13 59 189
27 66 597
31 53 849
20 56 491
30 73 359
74 5 711
74 12 806
51 62 310
16 40 106
25 65 944
20 21 863
55 22 193
5 62 222
69 61 727
19 69 649
43 48 185
61 68 751
39 23 720
67 28 1000
22 31 846
74 52 164
58 8 40
27 19 643
37 49 683
14 64 682
5 72 423
14 67 378
46 34 210
39 62 759
62 53 636
46 37 470
70 40 427
46 67 102
70 60 67
67 66 674
1 64 180
43 69 891
11 9 68
15 60 684
44 57 460
63 51 211
35 74 645
74 31 96
1 26 123
10 11 84
33 32 394
53 36 499
61 38 280
24 17 829
7 33 367
25 44 649
33 54 255
67 60 837
52 18 932
62 71 751
4 29 32
11 11 60
60 42 835
24 3 1
10 48 602
17 60 184
12 51 565
61 16 58
52 50 130
56 47 490
49 11 303
37 20 777
41 16 713
1 4 245
18 67 866
36 28 250
58 27 452
26 66 618
25 15 342
31 15 433
18 5 625
10 26 923
54 21 330
45 38 866
31 20 744
36 24 817
47 74 39
39 19 902
60 11 15
52 1 644
69 55 482
62 49 726
54 71 264
74 42 421
38 21 216
5 13 450
5 65 109
29 47 673
1 31 699
62 67 252
13 33 996
62 6 507
64 27 986
5 22 157
61 25 84
66 5 893
47 70 269
55 43 930
28 71 306
71 32 666
13 65 254
74 53 243
45 34 957
13 74 179
40 63 772
41 25 946
54 34 308
13 17 628
2 64 522
21 50 99
62 37 416
48 74 601
43 50 526
25 54 29
25 20 945
14 20 768
51 44 46
42 37 16
56 66 914
27 47 592
58 16 525
19 26 236
22 73 917
64 10 468
47 4 113
30 43 277
14 71 267
18 13 914
26 21 879
23 1 163
60 49 370
1 69 167
70 54 584
63 43 113
44 24 471
5 17 643
23 53 429
68 5 671
44 26 266
46 9 913
29 9 467
20 38 143
69 69 479
48 12 465
53 33 398
45 33 350
61 2 842
35 33 402
72 71 937
60 38 389
28 13 9
75 45 818
51 61 733
1 12 798
47 72 482
1 7 861
5 41 477
20 8 681
24 75 996
59 50 636
30 7 649
2 32 650
15 48 336
5 61 437
24 38 255
67 45 418
7 27 373
48 26 676
13 67 501
9 14 188
9 25 801
20 65 797
24 23 705
60 44 906
73 27 792
15 10 294
65 10 470
2 4 804
16 3 545
50 38 850
46 33 19
32 72 425
63 66 228
74 38 650
4 15 843
23 54 319
7 38 563
38 29 959
30 34 432
36 45 185
46 68 556
61 62 600
71 57 54
2 21 521
70 23 602
4 64 507
43 35 50
37 69 680
50 31 72
55 75 903
1 5 735
12 36 403
43 9 531
71 52 827
13 50 206
39 17 24
44 34 423
38 67 501
66 71 94
9 40 548
34 58 660
52 60 942
63 10 882
34 11 294
61 52 194
36 75 281
3 47 9
31 49 905
45 15 101
35 35 910
2 13 181
34 37 478
23 16 621
30 44 600
49 34 362
27 1 225
46 7 49
17 4 428
24 63 117
42 43 844
17 57 660
60 27 919
13 75 566
45 21 597
55 65 467
40 55 395
15 40 596
16 70 101
72 10 424
29 44 753
6 49 1
23 74 946
68 53 285
20 15 629
16 67 183
57 22 286
43 36 100
48 57 965
29 73 349
15 69 902
53 60 880
45 54 250
23 45 272
11 52 163
63 48 115
49 24 977
68 54 889
53 52 484
17 49 267
42 65 242
15 19 153
56 50 668
26 50 454
51 46 833
57 29 247
48 34 946
34 70 849
73 50 37
64 45 648
42 15 730
30 19 463
3 43 308
6 59 299
6 74 594
63 42 462
26 65 517
40 36 82
31 65 615
61 47 782
45 73 642
62 16 252
5 67 54
31 30 43
6 16 194
16 22 429
29 16 230
28 61 61
71 35 253
30 6 767
6 40 469
50 70 821
67 2 791
3 40 930
68 75 479
43 43 905
51 38 637
12 33 223
13 40 697
16 14 101
55 4 695
19 68 458
71 58 655
69 4 655
75 47 810
55 62 58
5 55 995
23 63 958
3 68 172
8 29 341
64 66 743
3 64 369
4 20 751
56 3 621
5 20 145
54 11 989
62 32 38
5 60 327
36 27 105
12 62 885
21 55 673
25 71 53
56 56 417
57 46 711
70 53 845
61 19 937
65 29 365
39 70 602
45 2 239
75 11 199
27 50 54
14 34 827
14 63 961
38 62 640
50 30 513
69 23 30
40 54 431
64 60 662
37 43 707
48 62 462
47 5 464
52 2 20
36 44 928
9 35 124
67 9 321
37 15 350
24 34 341
62 35 635
44 59 791
3 29 263
71 24 139
60 74 74
12 71 254
16 35 213
70 32 33
44 20 62
5 7 766
35 48 110
73 72 48
6 36 235
52 21 502
11 71 999
2 54 537
41 58 457
72 13 878
18 19 474
29 14 374
11 51 683
69 27 191
13 66 314
45 57 538
17 22 214
29 11 417
39 55 721
4 42 859
66 42 43
1 32 673
39 47 450
67 48 955
21 14 730
44 62 18
42 27 565
68 52 421
51 31 533
13 14 335
30 69 511
70 57 470
10 52 606
43 45 309
26 33 332
26 74 532
49 22 278
53 61 173
33 25 92
15 1 614
67 67 54
15 67 7
22 35 409
43 53 663
35 24 557
10 10 287
27 40 305
50 39 282
17 18 832
70 21 836
52 16 993
64 18 216
8 5 250
61 13 953
66 30 648
42 31 77
55 49 41
26 27 601
58 51 829
62 52 997
70 65 592
61 55 400
44 6 563
51 51 184
63 60 881
48 75 420
46 28 824
42 7 74
65 56 704
13 15 537
65 44 113
45 44 345
17 42 483
40 66 320
5 59 731
67 41 545
12 2 250
5 21 559
58 2 348
17 74 744
32 18 591
74 9 147
39 72 64
66 28 478
51 3 402
56 18 915
56 57 999
24 16 309
19 44 337
18 50 227
3 45 303
36 42 939
66 41 623
47 44 9
28 37 233
43 58 184
21 17 843
46 71 992
28 55 21
28 35 291
35 59 965
14 61 226
59 27 981
23 7 144
58 72 713
65 39 872
7 68 856
69 42 117
51 41 233
38 17 715
52 19 982
43 68 877
23 27 505
42 67 646
63 72 291
50 61 810
31 14 336
37 18 65
23 51 877
37 14 48
16 2 297
49 73 265
20 36 883
38 27 391
22 32 281
32 20 153
64 48 969
74 27 861
18 51 532
45 11 729
23 38 778
70 17 571
56 25 6
1 18 633
64 12 478
32 27 487
52 70 712
19 17 888
39 74 349
15 57 353
18 63 715
16 57 830
54 35 829
28 45 412
53 11 97
51 13 899
5 6 561
48 30 432
49 67 825
11 55 35
11 35 681
66 50 395
28 57 805
32 5 163
22 33 639
3 52 278
52 25 220
9 63 189
43 44 403
68 70 587
42 16 192
68 39 950
24 53 768
21 40 219
58 12 858
69 49 688
75 1 968
10 28 330
3 20 231
20 24 257
66 14 428
9 33 774
24 37 354
68 58 518
3 3 458
30 1 114
58 66 510
46 63 836
53 27 739
30 75 201
5 53 914
61 41 578
45 6 510
2 57 887
73 13 839
24 25 952
2 29 171
25 49 904
25 69 461
19 2 288
20 57 316
75 21 702
9 61 623
37 39 433
50 49 977
26 22 102
70 26 951
45 37 712
45 10 479
74 40 432
51 65 138
72 37 938
50 71 368
31 34 310
31 10 977
17 71 271
47 67 630
1 39 935
8 26 73
14 72 13
25 14 247
55 10 315
19 35 388
34 17 833
48 55 652
15 34 592
75 23 762
69 34 731
53 46 321
25 16 579
62 57 156
65 72 155
38 1 440
59 45 783
45 26 630
73 23 660
52 26 665
21 27 383
55 52 900
8 61 783
48 28 967
61 66 372
55 38 768
16 10 420
29 1 16
3 37 155
32 50 976
10 29 903
66 17 81
75 6 422
2 75 353
23 12 394
72 51 649
17 26 557
4 4 374
68 28 568
10 68 60
21 64 418
34 12 103
68 44 888
1 42 111
46 73 859
1 65 257
18 55 788
67 64 278
62 19 645
55 2 612
65 67 616
3 42 903
57 68 203
54 3 499
43 74 400
19 13 288
33 28 704
72 40 331
37 26 365
60 21 90
38 31 124
26 67 221
7 51 658
8 64 281
26 26 678
26 41 553
4 34 86
50 75 947
9 52 485
59 21 995
15 2 938
4 5 236
40 59 333
14 65 605
12 17 663
34 43 412
20 1 469
51 64 717
8 9 588
72 38 577
47 60 977
29 40 481
55 34 754
16 50 340
75 56 74
24 65 235
72 11 619
24 50 919
42 59 177
16 47 36
17 41 833
31 33 303
12 55 991
22 74 442
17 25 519
65 17 658
29 68 783
51 56 900
44 54 708
43 62 815
44 67 7
73 16 180
46 40 206
9 1 447
27 18 169
70 46 522
24 73 769
8 42 180
63 53 254
51 70 105
70 72 980
6 26 111
57 38 525
9 45 343
39 11 954
44 10 789
58 18 186
56 28 518
1 73 675
1 59 3
47 66 701
21 67 128
64 52 479
26 54 856
18 31 154
62 56 260
33 37 913
54 54 499
8 1 863
24 5 298
71 19 273
32 16 12
41 3 748
6 25 675
59 49 394
71 16 210
53 10 517
31 69 696
5 35 118
29 12 583
62 63 90
32 4 861
30 37 788
10 42 914
69 24 343
73 17 25
30 5 710
63 3 368
66 16 494
55 15 935
40 44 922
55 19 455
53 73 659
71 53 212
45 32 517
36 63 781
35 3 201
14 2 246
8 63 157
4 18 795
73 19 99
65 59 334
48 1 457
69 70 289
72 29 856
7 31 832
21 8 702
28 23 901
17 27 618
44 38 560
41 52 474
34 34 14
18 36 765
36 25 673
25 66 655
38 66 11
66 75 215
63 28 298
64 55 697
20 19 389
5 73 640
36 62 790
12 25 367
41 34 889
28 22 464
63 47 843
57 6 530
71 1 53
63 54 959
29 34 691
29 75 857
75 69 32
18 42 888
33 14 947
36 49 847
24 46 938
49 49 207
57 27 771
49 57 516
2 6 373
4 41 457
31 29 360
38 53 279
37 7 302
4 62 587
20 62 588
32 61 613
21 39 289
12 60 507
39 16 74
50 44 593
44 75 244
10 1 257
28 1 185
8 44 745
74 72 329
28 24 851
1 72 182
17 29 209
58 47 860
63 55 618
74 29 281
41 46 342
58 56 855
73 37 508
71 10 365
39 53 6
66 15 24
31 11 263
68 16 954
10 62 209
69 68 865
58 4 588
44 66 236
36 72 217
30 4 350
23 46 889
7 12 37
45 20 343
13 46 481
26 59 193
36 9 524
75 41 521
46 60 51
35 21 594
35 18 333
61 37 559
75 46 693
72 56 547
74 73 522
54 1 971
8 19 144
8 70 677
71 7 985
22 3 626
41 18 369
42 23 344
34 21 415
74 36 566
15 11 279
60 39 482
22 67 36
29 45 482
23 60 280
58 25 981
49 30 547
6 42 991
34 40 285
53 26 661
10 56 333
51 68 819
2 73 166
71 3 933
33 4 576
13 21 65
46 48 270
40 68 615
17 1 902
13 27 434
35 6 849
14 73 277
72 24 166
33 34 636
2 24 865
57 40 616
8 32 824
69 66 254
47 20 21
59 53 633
6 68 245
74 28 844
62 29 538
51 25 802
9 54 539
55 26 290
17 10 566
14 23 33
28 29 931
25 59 736
35 51 617
58 3 218
44 61 706
18 69 777
32 29 941
59 70 878
69 59 924
56 9 331
45 18 737
70 18 969
34 23 788
2 20 624
27 10 442
24 19 517
54 27 41
16 59 362
63 26 274
71 51 546
4 72 623
72 67 17
20 54 157
29 39 90
46 58 610
49 29 382
50 33 920
31 48 560
27 6 507
46 69 693
6 38 517
24 4 865
50 40 229
25 13 936
20 49 297
48 24 708
8 33 635
73 62 672
63 34 681
30 60 126
56 14 161
69 36 304
51 42 661
4 75 82
54 69 160
12 40 91
40 10 524
30 20 894
33 36 621
34 6 442
59 75 509
53 72 378
10 3 852
38 37 204
34 19 52
59 54 620
21 49 62
3 69 524
37 32 492
65 11 406
47 15 741
67 36 542
23 11 362
23 10 567
69 74 819
11 73 382
58 20 28
7 25 756
60 19 708
4 74 708
10 43 108
4 50 144
39 12 237
64 72 432
63 57 418
53 18 223
61 48 249
33 17 922
73 54 239
22 43 644
32 67 244
53 28 562
37 2 439
51 57 40
58 6 326
8 43 831
7 75 734
62 46 842
11 30 422
71 43 218
21 12 778
54 5 807
25 40 805
3 59 490
35 38 142
35 29 929
50 11 588
4 73 450
17 62 502
47 24 78
26 57 464
64 30 584
24 24 713
42 13 463
24 58 473
19 67 786
29 71 792
12 10 22
30 30 805
52 47 52
40 52 809
29 7 70
71 36 65
8 16 975
58 1 412
51 49 509
15 50 956
5 43 95
29 56 449
24 33 670
25 53 142
63 58 174
13 6 633
10 75 833
29 15 925
13 69 477
44 46 555
27 45 695
29 58 205
28 19 770
53 48 429
6 65 526
43 28 819
26 49 854
50 68 820
65 46 388
72 75 975
11 5 437
60 8 916
15 44 580
53 47 980
35 13 559
55 67 832
58 69 419
28 70 359
74 68 421
72 9 938
47 19 747
55 57 627
41 62 810
34 72 246
70 48 598
30 57 814
28 21 525
57 24 150
63 71 153
66 73 207
5 3 182
49 14 697
36 48 213
72 31 680
11 59 220
22 36 71
39 75 444
7 65 681
47 18 102
19 74 177
63 45 437
67 6 583
18 16 931
64 37 16
62 59 5
27 63 689
51 39 510
22 4 516
34 73 85
61 3 1
69 47 630
48 6 779
34 20 977
20 12 754
32 40 349
40 51 141
9 34 845
40 71 321
24 31 422
34 28 697
3 31 411
26 62 97
46 39 315
50 20 302
58 62 288
39 3 99
67 43 367
21 71 624
33 55 112
25 45 604
34 36 431
49 47 702
32 74 398
65 27 184
75 34 720
47 73 287
44 42 814
4 25 475
72 28 601
68 32 343
32 56 203
7 53 145
40 42 362
27 67 592
12 31 11
67 3 873
24 1 492
39 22 112
21 29 940
7 8 426
21 51 84
64 38 471
41 56 178
33 29 94
40 33 537
1 16 10
64 29 377
17 55 231
19 72 698
66 66 683
28 27 103
47 41 229
46 21 868
24 15 278
18 62 875
73 38 811
7 22 367
6 24 303
67 50 585
16 60 664
25 30 343
54 61 139
10 49 379
49 39 795
60 59 614
3 53 456
29 59 190
18 18 233
31 55 521
46 47 26
61 73 21
29 41 731
48 7 395
69 57 854
73 60 189
55 46 87
51 19 463
49 46 734
23 52 452
43 15 392
2 65 502
48 17 982
3 36 810
55 45 723
44 12 900
56 13 672
63 15 914
59 55 999
51 32 603
36 52 528
22 2 8
75 70 259
35 32 314
17 7 516
4 61 957
50 42 603
29 69 430
70 13 590
47 45 349
8 40 937
65 12 200
41 31 926
18 26 527
39 63 653
32 32 607
41 63 311
50 6 137
53 44 841
45 70 415
34 61 252
20 26 238
16 30 586
55 50 63
6 70 366
69 17 148
27 5 614
35 41 466
33 19 387
51 36 931
66 51 308
71 69 539
18 14 268
8 25 256
28 69 790
37 36 507
56 19 347
53 45 556
31 75 148
24 70 765
18 33 262
46 30 359
9 30 71
12 57 59
33 75 141
70 58 69
44 32 609
22 25 316
26 31 315
47 57 545
64 53 468
20 43 931
16 46 115
30 55 795
1 57 903
12 75 437
40 5 256
41 54 612
25 43 934
38 54 264
52 42 480
64 65 512
23 6 576
64 35 381
28 40 470
34 13 628
71 64 399
38 14 747
64 49 205
14 55 710
35 44 629
32 54 850
19 41 670
72 69 395
54 14 733
22 38 993
26 58 865
71 70 488
58 40 474
11 47 738
45 19 821
11 68 993
19 3 692
41 6 339
65 61 549
53 51 419
47 9 380
14 5 301
7 20 23
3 38 173
25 48 202
51 60 471
11 13 973
19 66 73
33 42 655
33 51 396
45 22 425
46 32 747
25 46 387
7 3 299
6 69 261
55 29 552
13 36 8
50 51 211
27 51 634
68 22 222
20 51 931
28 12 76
73 42 178
64 24 602
69 67 976
31 32 730
67 56 848
3 72 299
32 3 975
31 64 654
52 44 230
75 58 661
46 15 195
59 36 760
58 13 785
52 46 503
53 9 784
18 71 55
55 6 172
68 49 59
55 25 976
1 44 691
36 8 541
26 56 983
9 65 92
41 74 874
74 24 526
10 2 21
74 8 362
74 75 701
28 62 525
72 66 148
5 58 612
63 35 884
13 26 857
28 60 790
36 19 968
31 63 965
10 14 951
19 63 313
1 66 311
39 18 367
36 23 462
63 59 610
62 21 681
44 28 820
16 13 115
60 71 22
58 60 787
70 22 834
70 9 321
33 33 26
41 21 590
11 20 127
11 37 326
51 1 776
10 60 757
4 27 622
20 41 975
33 71 23
22 56 348
62 40 838
44 41 302
55 42 44
35 72 781
42 70 275
13 20 116
29 29 855
30 14 846
4 16 873
43 54 987
39 6 875
47 2 121
28 6 265
75 32 249
18 65 775
36 38 213
43 19 661
26 23 65
59 32 967
9 20 350
42 45 509
66 53 58
37 58 71
72 2 345
7 60 867
31 36 848
69 7 953
38 30 341
36 11 209
74 54 983
43 64 85
46 35 688
12 54 152
59 23 443
38 49 600
71 47 686
44 64 812
73 52 13
66 33 598
47 47 395
57 32 575
6 3 829
46 1 3
29 60 582
37 37 254
10 66 273
35 2 390
11 44 590
23 44 104
61 31 54
72 6 419
63 11 59
9 73 174
70 12 633
7 18 421
36 14 903
17 56 429
38 63 25
60 62 284
24 26 794
55 8 894
69 2 330
37 52 965
29 37 988
67 63 988
43 49 849
29 30 589
69 73 620
50 1 910
54 17 285
25 68 472
23 41 2
73 43 605
40 11 55
45 71 714
31 23 706
12 73 187
74 44 718
18 25 549
42 48 139
8 15 387
62 50 567
74 37 448
35 61 242
9 44 167
54 7 73
18 34 826
56 49 40
3 23 686
24 11 358
57 67 909
64 20 59
43 1 3
10 46 506
57 33 118
14 1 110
9 75 129
56 34 392
68 56 899
7 73 109
68 64 100
51 5 359
46 31 479
37 44 300
11 41 407
74 70 717
41 59 951
59 73 522
73 75 973
35 4 969
58 22 138
10 58 996
62 62 453
28 38 230
42 75 332
54 6 603
60 33 120
52 54 795
56 4 937
15 38 825
4 11 810
37 48 956
41 70 996
35 42 131
34 57 287
36 54 639
56 24 8
68 12 380
15 22 589
9 55 630
38 42 429
50 2 383
8 46 128
69 64 710
39 2 504
40 39 329
51 24 588
10 33 256
50 63 87
21 37 412
43 2 383
33 49 859
7 4 648
7 24 697
54 10 595
47 64 370
14 74 372
21 57 151
58 28 564
11 17 362
8 10 678
40 43 420
61 29 891
9 17 769
27 22 668
52 59 426
69 38 492
56 39 905
38 5 23
11 38 146
15 72 49
4 70 660
46 11 776
61 63 77
19 21 405
58 15 425
30 36 811
19 9 888
59 24 5
18 43 498
42 5 531
49 7 644
54 67 306
55 72 226
31 59 374
34 10 81
71 49 771
75 18 511
66 31 654
54 58 496
65 36 424
52 4 512
32 36 831
21 24 927
60 75 781
62 2 154
33 5 493
43 56 833
54 18 162
45 41 154
34 60 44
48 50 99
31 2 659
12 52 807
50 17 414
47 50 789
8 39 894
65 4 976
10 19 902
16 55 791
52 28 642
3 48 658
64 23 419
66 55 77
16 31 403
41 65 383
75 53 749
4 46 690
71 75 466
60 1 358
18 30 840
12 24 406
53 8 116
6 73 223
30 26 768
11 6 965
56 1 871
37 35 797
37 60 531
73 63 856
21 44 273
57 7 50
42 9 849
69 44 925
63 21 138
52 27 954
32 19 925
16 65 320
75 15 103
65 28 56
41 7 999
75 64 107
10 38 527
61 21 870
8 57 5
21 47 326
28 9 237
12 69 365
71 20 995
54 42 692
62 8 908
67 11 880
30 27 601
32 53 107
50 8 606
7 55 100
27 31 258
70 25 607
8 8 978
42 61 811
61 59 50
57 66 643
17 16 679
48 4 58
56 71 618
8 73 510
49 23 301
12 30 688
65 50 102
37 13 545
47 48 428
61 75 722
60 66 937
52 38 755
38 70 801
10 41 135
48 19 555
40 38 715
29 22 606
71 5 80
13 1 910
72 59 813
53 12 575
7 10 737
65 75 31
44 70 206
6 12 852
64 63 677
32 47 386
11 43 781
48 49 291
26 14 387
72 16 804
21 73 920
10 35 492
55 56 580
18 48 78
17 45 519
68 34 173
40 7 473
58 58 347
8 38 602
47 22 857
34 8 872
63 29 544
63 68 24
12 8 396
1 3 219
49 61 168
70 10 935
64 16 298
68 59 957
51 2 930
18 60 535
