50 545
16 35 769
25 44 249
12 17 569
13 9 909
36 28 721
9 46 120
1 17 259
36 13 206
16 7 656
41 20 400
27 23 32
49 12 469
21 38 198
26 16 322
47 11 445
29 19 172
48 22 638
29 40 142
28 30 445
35 45 26
40 45 656
39 27 350
10 7 865
31 46 211
34 50 632
21 13 211
49 49 201
39 9 976
16 32 689
4 27 20
14 21 402
48 39 721
9 40 10
47 25 510
12 1 677
2 38 342
28 49 19
11 5 126
26 8 417
48 27 677
22 39 724
40 7 737
33 8 182
32 21 685
38 46 27
19 47 517
42 29 110
47 12 952
3 6 735
10 47 153
15 8 857
16 15 687
42 37 350
19 10 912
35 48 468
18 37 944
31 12 288
14 18 124
19 23 358
30 42 450
2 26 742
19 25 198
4 4 16
44 43 280
22 41 410
29 47 314
37 28 592
44 44 715
24 40 652
33 47 968
25 35 569
5 7 930
46 30 783
14 40 877
1 49 241
5 28 428
8 10 662
15 29 904
22 19 80
22 15 150
10 24 134
10 15 250
36 29 865
47 50 551
31 43 945
38 32 941
15 33 759
44 9 225
47 24 340
14 3 758
45 44 230
30 49 57
40 47 665
20 22 785
27 50 834
7 45 636
6 15 213
46 46 8
42 7 703
25 43 124
26 34 980
49 5 574
18 34 756
32 7 495
24 6 964
6 35 329
44 4 402
10 33 951
20 28 2
9 36 517
8 11 857
36 11 418
7 38 229
27 22 423
42 8 467
47 32 674
36 26 545
22 33 419
44 21 150
46 28 547
3 11 684
26 41 142
10 37 896
13 46 267
31 31 885
34 37 95
41 43 258
5 47 644
4 7 974
43 46 814
18 47 520
24 16 460
47 26 889
20 13 384
36 22 8
12 2 138
42 18 921
49 2 766
39 6 37
28 28 116
31 30 773
36 5 824
42 41 9
4 41 137
38 48 404
30 15 184
10 43 228
31 10 280
8 29 713
7 46 434
43 26 487
8 44 300
45 46 584
8 49 268
46 47 304
27 29 44
24 49 146
9 4 815
25 1 267
15 31 35
30 6 219
45 39 283
42 25 393
28 16 522
11 23 534
4 10 429
18 50 79
46 29 566
32 41 35
26 11 219
6 45 565
18 16 549
27 45 37
35 29 46
50 28 625
4 50 197
46 20 904
36 41 48
23 21 596
21 49 31
40 10 770
10 32 258
6 36 1000
26 12 858
17 39 890
25 9 72
10 13 527
38 4 711
8 17 679
25 13 396
4 37 639
36 30 634
19 28 458
25 28 731
30 27 647
18 6 923
24 25 349
4 5 503
50 6 642
41 14 925
20 4 70
27 16 673
32 13 510
44 17 607
40 11 284
42 5 766
46 42 843
42 43 198
46 34 326
12 42 230
17 38 244
12 29 769
6 32 912
22 44 21
5 24 128
29 24 902
47 20 706
43 24 649
29 50 316
32 29 576
1 16 639
30 26 942
35 21 733
17 33 177
18 38 412
9 30 950
20 42 341
41 10 661
1 42 705
17 37 520
18 22 569
20 6 613
46 37 943
11 17 887
8 34 439
11 25 811
19 36 254
40 16 57
10 18 9
30 16 61
46 10 438
10 21 475
17 27 298
38 22 117
30 29 745
7 20 905
34 14 102
32 28 121
39 1 88
40 22 877
28 40 164
46 1 655
44 10 321
9 2 869
18 13 339
46 50 506
47 43 106
48 21 698
11 35 28
7 47 952
32 5 914
32 36 325
31 4 172
12 22 110
34 3 629
47 16 928
15 18 324
24 2 221
3 49 577
19 21 772
27 49 238
7 8 392
14 10 333
33 18 845
37 38 792
22 5 101
43 40 297
23 18 223
10 12 142
39 46 712
8 48 28
19 41 878
21 21 360
19 6 153
12 23 429
48 2 375
47 48 38
16 5 66
14 31 321
18 43 917
44 7 484
2 15 670
6 11 683
33 2 13
11 15 56
47 30 1000
24 26 918
40 41 811
29 34 972
2 31 853
25 20 851
22 32 518
50 22 531
17 28 162
19 26 307
10 49 371
33 4 284
44 6 615
28 38 200
14 2 674
10 28 702
29 20 137
4 29 706
2 47 50
16 48 419
7 22 261
24 27 817
25 14 643
15 26 531
8 22 500
43 8 56
15 25 981
35 3 412
19 12 770
9 6 131
11 38 245
31 32 459
45 17 329
32 37 503
25 16 220
33 11 479
43 37 213
31 44 666
23 20 527
26 33 596
39 3 745
28 44 21
18 29 816
19 37 111
35 34 892
7 21 510
6 40 226
23 9 600
34 43 335
5 19 227
41 48 638
25 33 305
18 2 446
48 44 716
22 11 353
6 2 724
14 50 507
21 22 397
37 13 380
13 47 728
2 1 521
7 24 593
43 3 100
4 11 329
26 26 124
1 11 227
17 41 312
50 24 904
27 37 884
25 39 965
42 35 338
20 11 79
26 23 897
7 17 474
7 23 648
34 39 971
12 24 935
35 2 488
1 41 831
32 42 4
28 34 683
29 23 196
19 48 961
29 28 906
8 30 908
30 12 700
10 29 760
23 16 834
8 39 955
44 42 1
21 41 155
26 20 321
44 26 867
12 20 602
33 35 86
34 44 399
31 28 505
32 32 534
5 45 787
31 27 554
1 27 444
12 50 958
30 48 840
35 22 617
46 49 250
23 25 467
20 31 332
45 43 134
15 50 71
40 1 527
38 10 408
9 11 49
13 44 365
45 20 298
40 13 77
40 5 16
28 22 609
34 16 138
35 15 602
8 3 302
12 45 796
32 27 867
41 5 701
24 20 300
48 43 92
31 11 532
22 37 372
1 23 919
18 4 26
49 9 685
10 25 477
25 26 18
38 39 858
35 13 622
14 14 283
5 21 975
25 41 622
24 48 900
48 45 876
27 41 14
39 43 636
46 44 15
48 7 807
13 31 686
28 21 798
47 31 58
12 41 688
1 36 535
44 32 98
3 12 963
39 37 648
20 44 878
9 20 40
25 5 455
48 10 756
48 17 108
11 24 153
27 13 772
10 9 712
32 15 188
37 35 217
21 15 650
5 15 23
49 35 577
35 23 372
39 26 346
15 45 368
20 50 852
50 48 899
35 35 976
45 23 179
4 13 587
25 7 922
22 42 7
19 11 108
1 32 363
17 2 509
6 31 64
24 24 231
21 50 783
1 6 332
20 17 8
3 38 998
9 12 7
25 2 180
6 41 349
2 32 81
15 41 235
30 2 314
7 49 105
45 28 620
43 30 898
13 8 553
43 43 494
8 40 962
3 17 525
42 47 710
47 44 828
41 46 142
2 7 676
45 29 453
14 11 805
48 28 381
43 15 457
16 10 975
30 23 453
27 38 987
3 28 213
2 4 809
15 17 176
4 48 675
38 42 865
31 29 144
3 48 906
9 43 595
14 24 715
13 28 366
47 8 227
48 6 403
13 45 718
31 19 863
34 36 264
20 38 618
43 22 734
27 2 204
39 41 965
6 38 154
32 48 475
46 24 6
42 3 866
6 8 184
2 29 63
50 11 853
45 1 451
30 17 956
13 12 852
29 1 568
43 38 614
34 27 174
16 29 728
23 38 791
8 14 588
7 29 824
3 33 436
11 16 462
50 44 329
42 9 331
49 22 410
43 20 265
36 10 157
