69 576
1 39 462
24 27 473
63 58 926
32 32 443
13 29 107
58 41 654
56 24 33
12 11 460
10 37 831
46 5 798
27 55 844
16 35 20
32 35 606
2 69 296
19 47 503
13 55 186
58 33 301
29 64 181
49 23 248
46 40 726
12 53 143
24 46 815
4 62 231
51 65 625
42 1 62
65 23 370
61 40 475
18 21 539
24 55 709
25 7 766
45 28 250
8 4 912
19 42 841
48 45 622
58 62 543
55 61 550
15 59 168
48 40 865
37 60 565
32 61 175
3 37 73
2 58 154
50 58 766
40 51 574
36 58 636
30 24 343
62 64 40
16 19 550
22 7 856
30 21 892
30 60 203
25 29 802
67 10 972
29 52 709
61 35 25
2 47 554
48 41 252
39 44 94
1 53 480
7 64 453
6 56 540
15 33 42
36 43 65
40 57 880
22 49 684
6 18 790
67 15 904
52 48 451
64 15 739
54 53 758
9 26 815
48 56 745
44 49 890
34 42 911
20 61 890
18 14 416
50 60 282
19 25 309
25 44 97
10 13 564
31 5 862
32 26 822
62 23 376
2 18 790
51 10 514
51 11 753
15 34 866
34 22 677
1 29 233
11 69 181
40 36 511
62 33 806
39 5 933
60 2 436
44 14 372
13 39 729
9 23 288
58 14 867
49 15 906
40 47 812
23 14 591
21 25 947
4 4 136
4 56 928
9 29 295
53 56 863
58 30 611
46 44 69
6 46 703
32 45 243
54 34 268
22 18 427
41 27 763
55 22 948
52 65 99
35 8 807
54 13 944
49 13 716
38 7 753
30 4 26
18 26 527
29 55 855
9 16 689
18 64 394
64 36 771
9 30 690
44 52 659
17 43 200
67 65 907
20 45 733
45 6 325
42 36 686
23 31 637
3 3 975
37 67 853
15 9 229
19 49 64
27 8 448
66 40 510
69 37 352
25 42 920
10 45 436
28 5 405
64 13 339
60 11 852
41 41 884
60 59 375
9 54 736
37 1 961
8 7 148
1 43 239
8 48 412
28 67 105
16 15 604
21 57 444
56 29 890
58 10 18
21 50 613
2 61 765
47 35 236
6 20 657
10 20 902
19 60 427
22 6 212
23 5 7
53 42 402
43 24 839
61 14 985
6 42 778
23 66 798
43 7 926
38 48 882
4 15 997
1 3 356
32 58 695
11 67 264
4 55 932
56 9 175
38 55 488
59 52 824
31 45 652
50 28 344
36 1 266
4 32 76
26 12 416
2 32 27
13 38 150
24 58 320
25 66 498
54 1 923
51 25 43
46 35 653
14 37 190
10 17 779
22 24 56
50 62 474
61 51 537
67 24 636
17 57 388
9 21 172
20 62 607
56 7 636
57 8 782
42 65 815
48 35 689
67 18 176
34 63 590
28 10 670
53 67 801
33 16 953
51 22 718
30 33 108
65 62 944
25 12 256
40 30 610
21 29 887
41 49 434
5 8 296
39 38 674
45 25 507
59 19 749
56 11 71
22 43 69
35 21 876
42 16 864
7 44 586
28 12 583
59 67 320
50 51 849
26 50 335
24 38 66
26 6 818
62 34 395
31 40 866
24 36 886
35 57 895
51 13 422
4 21 257
30 46 686
31 33 23
35 7 46
6 4 594
49 5 233
19 65 197
48 36 205
56 38 453
59 38 292
67 57 567
23 56 279
65 56 272
57 63 477
7 40 315
17 66 899
28 16 459
12 10 938
27 51 587
21 51 918
10 35 978
60 32 80
61 59 512
7 58 554
58 61 878
30 22 193
9 40 832
31 25 351
32 5 525
56 47 552
55 55 266
18 12 883
67 62 547
46 27 18
69 12 705
41 50 810
9 6 109
2 13 84
12 20 804
52 17 700
51 26 242
24 32 517
32 66 950
23 24 777
49 64 458
12 36 188
47 49 132
59 47 697
64 41 408
47 43 438
15 48 73
65 17 781
41 5 129
4 24 329
4 13 63
68 41 647
42 37 912
34 53 382
6 59 728
38 22 409
3 8 791
53 35 248
19 45 145
62 25 754
13 68 276
7 20 259
2 19 793
28 37 852
6 40 655
52 2 382
19 12 177
18 59 607
26 21 511
47 33 635
66 37 869
11 14 823
54 46 908
40 15 140
8 69 305
52 58 495
28 43 802
32 17 581
44 17 11
32 23 184
63 24 163
59 63 304
38 69 774
66 51 54
17 13 592
48 51 65
21 8 183
33 36 469
26 35 848
37 56 696
50 63 705
28 34 749
7 31 812
22 60 244
49 34 497
57 32 742
51 3 409
54 50 425
51 47 336
46 66 101
29 47 960
9 42 327
55 60 832
13 65 26
16 20 497
55 23 215
45 35 264
27 18 903
66 9 790
15 2 898
37 2 8
31 9 326
29 31 976
58 17 972
5 2 978
24 47 181
6 5 427
58 13 908
27 14 867
47 23 844
54 67 730
38 46 760
42 21 982
5 61 170
30 11 339
57 45 837
38 51 493
7 15 446
17 59 967
43 44 617
67 45 410
60 58 739
58 4 295
54 33 689
48 24 836
54 43 305
6 54 761
50 47 779
7 63 367
15 37 531
8 29 118
10 57 274
59 69 52
6 43 143
35 37 305
9 7 217
38 18 6
57 62 977
3 49 156
61 15 634
62 22 373
32 29 801
27 20 489
64 50 458
26 14 658
29 18 593
39 4 545
45 18 898
48 10 399
17 35 7
30 66 331
67 42 729
26 23 169
68 8 53
51 32 626
22 3 895
32 49 391
2 23 251
24 60 394
18 30 663
68 19 181
41 24 570
22 25 348
48 42 275
31 26 771
22 40 800
43 49 398
11 6 13
19 8 334
4 68 511
11 27 973
48 28 584
61 7 737
26 33 858
25 15 416
25 25 288
28 41 756
62 51 401
27 49 30
19 61 447
52 60 696
11 32 190
54 19 735
22 21 729
11 59 698
45 43 264
52 63 247
4 60 969
29 24 411
50 17 422
10 40 176
4 59 898
34 32 479
49 31 724
60 31 834
9 11 427
34 9 304
56 49 821
49 2 476
38 3 240
59 1 446
32 53 894
59 22 900
56 20 308
48 22 726
58 64 840
45 63 15
40 54 257
14 30 731
34 8 711
48 21 159
1 56 436
41 14 989
56 63 639
2 36 639
38 58 862
60 64 906
14 36 152
59 56 580
56 42 553
6 48 863
38 12 792
33 67 858
32 18 523
25 33 52
59 28 169
39 7 635
44 38 74
57 59 769
14 62 498
36 54 212
12 30 554
2 2 246
52 21 612
31 48 959
14 68 938
37 17 974
62 55 218
20 52 468
1 26 364
59 41 71
1 38 923
49 52 750
35 39 37
65 49 613
7 67 691
31 51 967
63 26 109
26 20 187
20 43 293
22 53 813
57 49 41
46 26 401
54 11 517
56 61 289
51 57 681
55 34 775
57 64 743
13 5 820
15 66 976
42 50 888
66 57 269
41 38 68
62 45 908
10 29 333
21 10 458
19 18 486
17 55 444
36 35 85
47 10 71
3 17 611
57 14 409
16 64 750
17 61 779
23 58 582
62 5 606
20 66 246
26 40 373
9 17 373
55 49 660
44 50 976
4 45 677
53 28 582
37 55 599
69 62 747
50 3 91
6 66 468
27 62 71
34 16 82
58 19 690
50 25 296
25 5 950
60 66 271
39 36 992
10 59 395
8 66 343
39 60 495
42 64 157
62 46 890
34 1 953
17 36 361
40 40 881
51 43 558
57 39 774
1 35 266
36 57 939
67 40 50
66 55 477
13 56 697
54 59 686
10 39 135
12 59 148
11 8 167
42 69 786
61 45 628
48 14 261
53 45 409
12 48 243
42 7 283
30 44 321
44 61 751
30 8 320
5 15 502
18 25 954
11 61 111
