97 3724
25 48 156
9 97 350
76 82 445
28 94 586
25 97 133
25 49 842
17 80 229
94 44 464
57 43 537
55 35 114
75 59 899
42 11 654
7 34 806
52 46 708
49 46 917
69 18 709
15 11 784
94 53 861
55 27 230
77 84 741
80 51 23
15 77 230
12 20 553
35 13 851
2 73 51
48 31 348
40 6 377
5 50 384
46 77 364
33 92 356
64 50 829
96 11 395
68 8 922
47 75 617
76 73 914
29 40 189
86 85 411
30 28 35
42 68 776
66 31 164
89 4 196
80 47 156
58 3 165
89 10 495
35 6 944
48 2 472
12 44 383
88 45 422
88 33 204
37 1 810
87 71 876
28 34 75
38 9 571
45 45 815
49 1 958
7 88 497
95 29 894
2 54 624
95 18 907
44 16 399
32 62 404
84 49 464
75 6 328
12 63 161
64 34 72
55 38 615
84 23 740
35 56 955
52 28 384
45 30 802
66 93 730
52 15 763
6 16 2
77 34 784
65 43 568
60 42 531
72 26 498
40 45 427
79 65 597
66 91 8
34 54 134
37 73 912
94 7 223
89 67 74
87 41 203
23 25 419
42 13 65
22 97 512
2 94 146
40 68 340
19 84 507
72 29 462
95 89 59
74 85 143
12 61 627
74 11 574
46 58 386
40 85 572
57 70 961
70 32 602
92 91 223
16 22 611
29 11 920
46 74 697
33 57 375
95 92 154
44 40 408
36 17 573
86 74 681
88 58 742
82 54 464
64 89 344
23 42 587
37 92 187
70 76 393
69 65 222
54 53 339
85 55 21
6 87 657
51 62 157
96 6 562
10 3 657
12 32 345
84 1 779
63 5 16
55 86 357
18 67 165
53 6 441
73 57 208
66 75 292
97 95 67
97 26 761
27 72 222
38 13 39
16 7 279
1 88 173
17 58 516
30 43 171
38 23 50
11 52 591
95 11 687
34 33 733
33 38 327
20 38 214
94 69 837
40 33 227
69 32 216
48 28 649
54 27 50
81 18 528
26 88 462
87 76 170
36 42 906
38 54 132
43 63 382
29 54 226
37 60 463
4 25 638
37 53 39
48 65 316
33 81 580
24 62 191
66 90 424
13 33 96
84 45 282
56 37 636
68 23 663
26 49 261
83 72 983
40 14 272
66 28 645
19 75 195
5 27 775
52 75 52
6 29 158
2 81 508
57 78 690
24 47 99
32 74 989
71 79 301
88 76 372
83 1 558
66 83 628
44 44 565
52 24 627
81 45 985
57 7 929
64 28 10
42 48 114
47 74 434
44 8 738
87 55 644
64 2 59
90 38 178
94 27 589
14 63 767
87 48 8
4 65 447
18 31 658
71 7 100
15 29 527
3 62 917
29 26 490
12 85 721
36 11 499
68 6 726
34 73 735
80 36 457
95 64 848
26 73 421
30 41 486
89 80 925
19 68 199
68 43 522
55 77 930
63 18 646
96 58 522
40 43 354
57 46 971
34 93 247
73 54 669
22 57 173
58 35 688
74 35 895
21 20 378
93 15 322
58 68 100
88 37 978
57 11 900
54 93 102
69 29 291
51 86 338
28 50 564
81 21 603
56 54 309
37 34 251
33 21 898
38 1 717
32 53 896
96 81 842
74 10 916
47 10 459
78 26 379
22 62 803
18 12 222
24 87 739
3 14 738
25 90 331
91 47 598
97 84 210
63 55 224
77 56 713
94 19 307
60 66 536
91 82 158
37 83 468
75 42 424
69 45 568
77 87 89
17 15 570
9 62 920
59 67 858
39 47 254
56 65 545
65 44 370
40 83 578
62 97 809
90 32 543
2 69 688
79 73 396
88 38 114
80 75 65
40 28 907
87 33 182
45 77 864
96 28 526
38 63 905
95 19 166
34 29 782
33 35 477
46 44 206
65 86 821
1 32 290
25 25 351
85 8 555
48 46 85
35 94 650
29 83 776
68 13 396
15 8 490
48 22 880
70 80 616
29 1 425
15 50 966
33 27 827
38 16 933
50 33 655
86 22 139
12 72 551
36 81 475
73 49 423
12 49 85
53 63 218
31 67 501
94 49 3
11 33 19
78 87 703
67 71 16
20 87 453
13 78 530
65 26 978
64 55 445
93 60 264
8 69 401
32 77 27
75 44 852
80 5 230
30 61 10
54 97 998
26 38 741
27 38 918
94 36 439
93 75 926
51 1 238
77 24 270
17 86 265
64 67 921
44 54 244
25 50 361
40 86 835
56 87 31
75 17 870
39 73 814
47 9 480
61 43 753
25 14 182
49 48 776
11 93 5
33 16 487
79 16 750
81 59 952
94 66 354
27 3 549
73 10 365
54 87 664
65 92 719
28 2 611
84 63 487
62 68 536
80 84 669
33 28 117
60 5 696
14 80 342
38 60 457
34 70 531
97 80 662
11 43 674
23 57 142
72 71 406
55 31 743
86 93 118
33 4 780
76 83 193
8 16 539
30 47 897
18 2 720
28 82 483
18 26 407
51 10 994
53 82 499
63 65 285
66 19 567
49 41 265
63 92 822
25 46 337
62 40 613
32 86 579
21 34 18
28 46 118
53 81 700
16 66 110
47 86 938
29 19 323
45 71 657
36 22 993
49 96 673
43 50 377
60 47 845
55 9 166
86 92 971
71 25 332
84 57 978
92 75 310
2 33 347
15 20 103
78 78 464
66 95 502
90 54 965
3 3 689
74 31 163
89 87 179
55 65 311
22 56 206
68 51 757
23 23 433
83 32 763
83 92 116
54 11 845
88 28 826
27 92 192
34 44 343
88 57 501
66 14 114
69 64 116
5 95 789
20 9 818
85 43 121
7 61 982
85 10 891
93 64 169
36 43 329
37 72 727
33 47 624
54 72 505
50 32 189
30 72 583
28 27 904
44 66 303
68 91 796
73 84 535
82 4 990
67 50 290
93 85 672
64 59 663
5 34 358
43 44 87
14 7 444
59 84 127
52 30 103
7 85 305
3 20 881
66 80 925
11 51 354
32 28 650
4 13 103
57 45 156
4 72 515
46 65 545
48 67 882
84 64 565
24 9 182
72 53 199
17 70 271
83 97 634
45 62 885
4 23 617
51 35 513
84 79 486
38 28 385
25 27 931
92 71 172
53 65 530
63 89 969
48 90 480
46 95 933
97 36 690
92 60 298
87 39 561
95 85 518
13 72 441
63 52 733
80 1 40
59 66 288
61 17 58
52 89 443
75 28 375
68 26 201
38 21 477
19 58 812
60 48 401
87 49 438
87 1 639
83 6 105
97 69 712
62 73 929
3 8 521
65 77 557
26 48 439
77 22 144
27 17 203
66 11 114
56 46 748
24 72 522
38 14 882
39 93 266
71 10 894
67 10 34
7 41 604
62 61 532
14 73 858
32 59 704
78 56 534
69 14 179
67 53 47
58 67 114
76 50 176
1 97 108
88 73 417
26 27 108
10 12 252
44 48 181
39 82 233
55 16 938
70 28 471
32 71 73
45 25 392
20 91 546
56 30 468
6 97 124
72 33 295
56 7 218
7 25 693
1 47 51
17 92 545
96 7 655
89 38 143
82 83 530
45 72 560
88 82 364
41 73 230
77 49 555
9 91 576
19 55 792
62 52 536
57 65 774
38 39 307
79 66 820
14 8 516
57 34 677
75 25 952
80 61 595
17 19 497
54 45 27
34 52 446
6 50 419
94 50 957
10 20 494
15 74 528
41 17 888
53 74 721
4 67 528
95 35 423
80 94 449
77 82 128
25 38 43
78 42 828
28 3 659
90 65 902
30 33 990
80 92 524
20 50 891
22 38 122
22 79 26
71 23 190
29 35 68
2 41 629
78 6 802
61 31 968
81 34 284
6 2 804
37 38 822
73 47 794
43 13 983
60 45 833
3 75 446
94 63 55
93 14 116
12 12 200
46 1 301
25 87 421
72 88 565
68 12 832
68 11 856
57 18 368
43 23 23
66 82 378
66 12 476
57 56 378
61 36 994
33 91 182
45 12 728
44 78 233
27 16 78
72 49 612
6 5 628
60 20 278
54 1 607
9 49 504
29 71 624
50 17 990
70 81 803
91 36 904
22 55 205
51 69 629
12 16 228
21 72 88
80 85 612
64 20 594
49 55 538
95 81 402
15 3 999
83 77 285
95 80 227
63 11 593
69 6 677
6 48 67
17 16 904
19 27 256
20 13 739
23 64 787
5 64 136
93 26 961
27 46 156
92 41 920
24 61 152
48 10 125
90 44 468
5 32 145
9 61 901
62 28 965
12 60 360
3 7 93
65 42 139
47 18 166
47 69 14
24 71 155
14 94 293
32 32 303
89 57 159
24 16 769
24 85 928
56 59 200
41 8 853
67 82 253
84 2 709
90 80 161
64 43 705
42 26 626
2 49 799
57 49 315
6 39 581
76 6 42
2 62 845
48 13 986
16 74 375
8 43 79
86 42 706
31 85 358
32 25 759
76 10 430
3 9 529
8 77 499
59 9 703
6 58 768
82 24 571
18 44 823
20 30 37
61 34 700
45 31 74
58 20 952
93 21 192
18 24 406
33 95 608
34 85 277
9 5 87
71 58 339
43 48 118
78 27 59
61 41 456
20 76 658
53 92 440
80 38 974
3 53 211
90 64 360
84 26 605
53 52 432
13 79 637
16 63 559
45 63 566
84 81 550
90 74 527
12 76 747
68 60 163
2 77 951
64 79 404
1 71 514
17 6 464
66 35 545
10 14 874
54 22 675
9 19 287
64 4 691
24 6 698
49 56 274
4 11 929
96 47 511
67 11 628
46 92 804
54 13 971
20 20 917
95 61 31
37 48 745
90 40 704
60 73 447
92 35 514
55 28 721
5 35 478
16 75 108
85 44 990
70 49 200
20 54 107
9 52 812
51 50 520
65 84 319
21 58 417
63 8 644
70 82 23
8 60 421
82 38 601
82 35 926
47 27 109
25 82 558
8 25 821
76 32 964
59 72 183
46 47 653
65 60 537
23 28 457
92 92 845
79 75 457
16 94 823
25 47 380
29 4 979
87 88 780
10 50 819
81 19 71
85 52 963
27 48 744
53 22 17
26 91 902
62 10 935
52 40 512
67 44 721
24 34 886
61 82 199
32 73 319
31 40 503
74 74 752
54 80 845
30 16 957
60 87 691
71 64 465
39 1 641
20 68 751
38 4 105
76 58 446
30 54 378
1 57 633
38 50 207
34 78 707
17 38 110
55 23 449
59 42 882
56 76 854
30 25 132
77 25 125
13 81 384
80 41 818
92 10 405
69 91 495
1 66 329
21 4 997
88 31 546
94 54 636
33 44 208
18 19 833
21 11 191
66 6 60
17 3 373
88 32 383
95 73 873
95 74 146
40 64 624
81 48 870
66 62 992
58 44 409
2 39 510
17 43 709
44 53 403
3 63 251
10 26 174
85 33 490
66 97 271
43 67 632
19 60 184
25 35 353
71 14 711
94 22 468
43 58 220
14 51 891
19 10 226
49 66 49
28 74 105
38 7 452
4 85 334
63 73 497
54 84 880
56 26 806
94 29 758
48 86 761
12 78 536
70 53 40
48 71 918
9 45 330
49 45 636
7 67 498
17 44 1
4 59 791
92 18 266
85 91 901
32 7 456
20 19 300
10 41 861
21 37 304
31 68 334
30 38 457
82 75 527
1 70 345
49 67 431
55 44 774
13 50 584
91 93 799
19 80 28
95 70 19
18 54 401
56 32 545
58 8 94
94 13 97
12 59 178
28 71 605
87 13 82
6 73 233
92 9 971
25 61 795
90 31 529
84 86 745
42 63 518
96 67 866
30 4 275
31 75 973
93 28 350
52 17 352
95 48 591
26 21 446
10 86 931
40 19 339
25 21 789
10 91 940
48 18 103
42 20 423
52 49 342
69 1 999
40 49 499
55 13 960
1 25 198
71 88 720
59 17 474
70 36 867
44 70 80
51 45 720
13 44 188
75 41 963
21 54 349
60 83 164
93 61 126
3 42 911
40 3 606
32 84 544
31 77 286
44 79 292
46 70 135
75 88 580
72 34 980
79 29 157
59 34 45
77 37 742
56 6 77
57 15 809
71 37 847
32 82 93
6 77 755
83 38 670
5 3 473
22 88 309
30 85 436
17 90 52
64 44 469
11 13 267
87 97 549
86 27 157
80 2 97
3 48 190
66 89 822
95 51 10
2 90 611
8 47 374
89 6 705
53 59 697
88 49 598
43 78 158
44 4 989
16 89 502
78 94 694
22 17 603
96 20 342
27 1 740
41 24 28
91 67 831
44 28 429
36 78 717
95 52 736
30 58 938
30 68 839
10 75 8
70 25 859
87 19 675
81 30 324
95 87 360
2 68 964
23 51 289
1 2 812
51 24 410
41 35 852
81 7 616
59 7 193
20 71 936
37 51 410
68 70 28
27 76 875
75 64 929
29 27 654
94 9 450
52 22 213
8 72 87
15 76 912
40 32 915
81 89 170
36 75 601
67 63 715
4 84 88
4 26 683
77 53 436
49 59 725
69 25 160
64 83 229
78 51 637
52 84 266
36 33 433
24 66 663
27 80 559
76 48 7
11 75 614
69 86 571
11 41 226
6 86 879
17 88 102
78 89 103
84 72 458
15 82 323
19 97 658
62 29 342
85 13 962
52 19 27
43 91 287
88 44 419
38 32 658
14 58 829
53 85 364
9 70 948
88 67 504
84 30 950
8 73 303
2 96 895
19 70 356
13 41 575
2 85 579
76 35 30
93 62 353
84 70 686
56 2 981
43 41 749
53 10 881
46 7 143
90 55 784
36 25 532
28 39 327
97 59 68
4 61 69
71 81 603
42 38 415
89 76 893
67 76 383
5 57 718
34 10 731
58 74 121
43 87 261
87 46 162
37 9 124
89 45 505
22 25 56
6 27 577
1 95 510
17 79 978
53 5 521
49 60 86
94 60 155
67 29 621
38 45 478
12 58 947
29 39 602
38 43 192
65 9 558
57 12 463
35 77 70
34 91 771
86 39 834
46 19 709
29 74 677
27 70 710
52 7 170
70 83 956
16 49 19
75 34 776
70 47 81
60 3 233
33 54 764
23 56 876
69 52 761
60 81 312
39 66 285
23 19 142
28 85 690
4 73 235
43 66 889
35 35 73
72 58 848
34 12 252
34 42 68
92 24 280
72 19 387
48 16 761
43 90 632
40 78 609
36 48 999
43 77 512
19 47 750
74 94 896
59 48 412
57 41 339
27 65 792
13 5 274
33 79 400
36 76 361
67 85 891
18 51 664
91 18 549
8 74 393
78 60 922
64 39 43
30 50 339
44 31 593
80 33 246
34 35 221
72 74 46
97 28 535
90 89 69
62 79 858
5 77 631
7 76 398
29 5 673
76 49 295
61 67 300
10 93 874
87 29 124
69 82 110
59 79 212
75 49 776
18 21 144
92 62 823
42 30 80
17 11 44
66 69 385
15 61 504
47 31 953
13 39 594
66 66 2
32 60 219
48 24 554
60 26 693
73 36 688
64 7 907
1 74 253
32 2 563
30 82 700
2 23 84
84 66 786
23 70 214
31 92 698
59 16 309
63 71 592
16 82 129
68 27 995
2 72 143
67 90 630
63 93 219
76 53 603
12 22 605
31 96 595
10 78 263
6 55 51
31 1 815
74 33 581
90 85 990
41 32 672
92 26 458
81 29 774
17 13 577
49 42 366
75 39 955
78 11 480
97 61 122
76 31 118
56 28 334
53 36 700
7 33 26
22 19 94
35 3 136
87 81 762
34 32 392
59 51 936
20 59 860
38 53 715
31 79 829
28 90 943
15 64 637
37 95 880
23 89 403
58 33 382
60 11 161
15 72 118
97 20 958
42 29 367
7 42 942
49 90 262
14 42 139
92 87 880
18 93 797
31 42 466
4 43 946
48 79 783
52 39 287
82 27 864
63 9 342
82 9 276
36 38 849
50 29 766
5 91 937
4 18 488
40 59 32
12 3 836
81 25 118
97 27 319
30 75 756
88 69 58
56 68 632
27 43 178
64 13 19
61 50 772
7 50 261
60 70 362
3 29 158
82 31 136
63 85 76
29 2 739
11 44 767
22 35 86
11 3 396
75 38 884
89 12 644
9 15 380
22 33 828
58 80 733
68 16 938
87 90 945
46 22 616
63 1 383
84 41 53
67 32 755
11 18 763
63 86 525
46 12 456
59 85 398
47 52 107
30 90 295
33 63 420
49 65 292
50 48 373
16 96 368
57 54 393
57 79 686
96 91 767
23 48 425
17 30 425
46 75 711
70 67 929
19 12 491
51 41 60
54 42 792
54 71 556
65 11 866
62 26 378
24 11 846
81 32 235
9 29 888
50 72 689
40 54 18
49 33 636
24 58 478
20 14 552
60 56 877
93 40 851
7 6 890
36 68 975
36 55 51
88 51 634
12 65 708
57 30 892
71 50 22
17 67 542
18 82 966
49 79 761
26 37 328
36 52 747
38 48 213
75 68 331
40 72 285
37 46 865
65 73 744
62 83 792
53 93 136
61 14 202
6 14 715
37 81 989
84 82 614
39 41 816
12 41 140
90 5 286
15 34 182
70 62 194
21 74 736
83 79 681
60 22 794
44 50 358
39 53 177
19 25 260
48 21 544
71 19 626
62 1 597
71 80 304
11 83 960
83 36 425
14 88 975
86 77 62
52 61 90
70 22 579
60 96 757
39 20 534
52 71 982
70 61 389
33 46 149
74 25 306
36 44 650
63 30 907
84 24 54
56 63 252
47 61 908
97 48 665
70 56 594
63 96 184
71 30 204
40 8 691
29 30 241
91 81 713
53 56 251
66 3 869
82 82 290
78 73 973
50 2 220
62 8 784
68 46 979
43 14 694
93 37 831
21 71 930
25 56 529
36 40 246
5 72 549
93 49 292
7 53 137
47 92 686
14 14 866
70 21 693
25 63 674
46 80 556
64 26 176
19 15 547
68 25 768
14 52 602
37 55 946
61 71 489
42 10 643
22 84 239
84 55 271
63 27 357
20 24 798
80 45 667
17 25 771
96 66 959
23 73 271
27 13 833
47 4 243
97 24 281
30 19 634
11 64 801
5 20 857
39 70 853
58 53 295
56 39 763
39 31 897
46 66 496
32 33 694
80 67 890
68 68 23
12 79 505
42 17 956
41 40 34
61 81 36
71 96 771
59 88 628
4 95 75
13 25 24
92 82 702
74 70 477
26 76 40
41 66 872
76 4 698
27 27 535
90 39 13
79 37 415
2 97 4
65 95 127
97 75 151
76 42 658
90 96 112
14 62 244
83 34 855
12 11 251
82 79 950
33 71 871
30 55 216
67 54 870
28 59 113
70 29 867
95 55 131
17 71 859
13 67 495
90 6 633
27 66 125
42 88 155
64 12 328
24 22 553
59 22 850
90 68 937
59 33 355
72 1 97
62 34 671
82 26 805
55 39 894
91 40 494
29 12 87
37 44 550
77 77 548
15 96 159
1 9 432
42 79 398
71 38 445
31 97 653
95 58 573
2 24 600
12 95 80
85 17 218
15 48 500
45 33 408
31 16 71
85 77 70
49 27 855
65 29 7
25 78 458
37 31 997
14 92 546
13 51 100
66 73 346
47 21 655
48 72 938
75 94 580
50 89 26
3 90 149
12 48 189
9 43 210
85 79 9
11 56 114
12 93 99
81 40 193
74 78 376
15 46 477
47 16 997
91 89 459
53 17 823
58 65 941
21 17 283
22 7 256
49 43 490
11 59 277
75 72 614
46 23 248
63 41 566
12 82 814
53 79 645
47 58 638
4 66 829
90 63 769
1 19 462
9 9 51
68 9 342
43 70 426
65 2 308
95 56 560
97 12 746
70 31 484
37 22 289
50 55 54
29 96 651
56 56 355
14 32 132
93 88 644
18 65 619
49 92 89
16 65 788
65 14 810
72 69 474
97 7 724
85 29 665
18 29 252
33 66 407
80 77 402
93 25 329
2 88 243
47 90 252
3 55 769
80 63 715
62 56 824
17 77 512
75 83 715
47 3 503
89 14 540
37 85 159
67 39 244
12 1 516
60 55 974
8 6 187
68 86 424
43 92 545
60 7 23
37 11 830
42 95 373
63 24 355
18 56 685
26 47 702
60 54 395
58 63 503
92 19 760
83 73 732
9 13 524
23 7 26
61 35 294
33 76 580
43 46 172
28 87 521
2 26 848
26 30 681
53 1 919
20 1 82
9 76 493
15 38 943
56 43 636
89 41 144
96 72 312
69 9 963
81 79 470
56 10 582
65 93 597
95 14 894
20 49 303
88 36 555
82 47 595
90 16 204
29 49 439
40 55 728
91 62 755
73 96 825
87 11 746
41 53 352
52 32 622
2 31 507
68 5 421
6 21 763
14 39 251
83 52 713
52 25 891
42 53 267
8 24 519
63 29 763
64 85 737
30 5 396
61 56 670
14 50 515
41 16 859
31 5 368
7 62 440
49 95 306
86 24 171
38 79 150
21 8 185
30 69 53
1 22 467
41 88 950
2 14 107
93 13 271
90 62 204
39 21 320
66 2 261
89 30 290
85 50 249
71 78 2
34 55 629
37 3 597
6 15 130
79 58 802
83 57 891
35 9 501
17 49 85
58 18 24
27 87 848
53 43 215
7 63 976
13 66 883
74 48 932
94 11 683
4 6 165
44 60 468
93 43 301
43 1 407
30 97 517
85 20 305
45 21 609
28 78 922
32 27 756
79 56 696
46 35 135
5 8 721
93 4 601
14 36 736
81 4 958
12 88 633
21 87 586
62 16 833
52 90 448
60 86 302
8 37 22
96 68 805
51 22 286
65 38 244
87 61 750
48 78 309
89 40 985
18 50 160
26 75 872
4 50 34
10 8 778
27 93 798
51 77 188
71 49 579
72 68 355
31 12 380
44 49 55
44 81 647
34 68 158
67 25 283
46 62 954
39 4 755
63 28 523
92 52 845
52 3 620
46 67 324
23 36 57
7 75 503
15 43 315
88 66 753
15 32 857
23 33 655
15 75 185
3 32 520
18 62 84
35 70 378
33 43 579
87 7 932
39 92 394
80 8 377
57 9 374
4 7 571
30 74 192
62 58 741
8 79 810
94 42 8
45 20 53
15 42 691
52 27 228
33 65 877
91 17 843
81 50 110
13 65 304
31 86 184
34 6 743
77 21 469
5 49 380
62 20 526
26 26 651
9 10 201
11 91 291
58 49 664
30 88 483
80 50 268
90 41 409
67 9 787
19 85 247
61 8 930
45 11 512
10 87 227
48 64 527
45 24 993
52 96 351
61 66 799
13 97 858
63 35 861
73 85 488
31 57 167
57 13 307
68 47 110
31 72 414
5 96 816
80 86 684
26 95 13
45 26 55
36 90 672
73 12 305
6 33 194
27 90 574
96 56 978
29 80 963
50 54 509
35 90 497
92 40 945
69 55 801
2 57 201
5 94 903
28 45 157
88 48 590
42 9 166
11 97 180
1 11 758
51 51 490
50 62 998
97 34 763
83 28 128
2 58 163
5 15 172
82 97 2
9 25 381
64 8 592
4 55 134
36 7 684
9 85 285
34 80 253
40 96 564
60 4 566
60 82 366
50 34 107
19 42 857
47 89 692
15 66 753
20 23 67
63 26 274
68 48 805
34 58 795
24 14 410
49 54 251
76 86 285
30 8 663
41 82 450
33 70 996
3 76 220
30 22 883
41 38 271
93 73 84
47 59 28
41 86 23
32 24 892
79 2 95
22 75 116
68 69 147
32 45 540
61 69 868
79 19 462
90 51 551
9 58 925
4 14 435
50 35 784
52 70 392
30 2 529
42 57 88
27 2 670
38 86 935
34 23 323
80 53 523
76 44 159
38 46 831
65 30 899
64 87 285
92 57 609
36 51 983
74 62 412
61 92 954
76 66 855
78 90 349
97 70 752
86 87 876
41 77 163
35 81 963
1 42 115
71 9 699
64 52 234
46 90 849
18 1 883
72 7 691
80 64 137
47 65 68
14 35 887
56 93 265
31 6 558
22 20 622
2 95 276
24 38 27
18 64 369
97 4 470
43 75 655
42 42 304
25 85 638
20 7 155
31 78 967
60 21 649
60 10 1
6 3 416
93 81 746
14 45 25
56 72 665
78 23 528
29 90 615
37 16 343
96 42 680
88 11 110
32 66 596
71 60 66
14 48 966
23 53 430
49 47 956
96 88 465
23 47 583
77 92 220
90 75 771
75 4 660
24 1 732
24 26 757
62 35 951
74 64 247
52 56 816
28 92 644
95 44 753
49 37 777
77 42 729
88 91 294
16 1 128
40 63 198
67 97 498
12 5 379
71 34 492
41 83 191
43 89 501
49 91 120
73 72 979
89 7 656
28 7 320
21 23 983
1 55 976
17 4 213
71 44 215
53 15 680
82 57 455
55 74 958
9 12 659
92 70 108
23 77 717
45 22 49
38 57 404
68 33 112
21 78 914
32 95 174
12 17 210
70 16 680
20 84 921
92 29 866
50 9 166
1 23 505
80 9 880
63 60 676
90 15 712
80 7 214
31 28 273
42 71 612
24 39 779
5 82 971
24 12 22
38 94 762
45 34 686
90 77 294
14 57 259
93 76 296
33 96 706
82 73 530
21 13 853
67 28 307
36 50 126
33 37 867
90 81 813
15 35 922
65 70 6
21 31 319
44 56 321
34 25 42
7 79 285
4 35 422
80 4 778
16 83 755
51 85 635
84 17 915
81 28 143
56 15 119
65 72 632
3 43 184
37 45 516
13 32 881
35 48 112
92 15 503
96 93 106
34 84 803
17 54 658
93 30 163
16 57 231
19 5 475
90 94 437
78 15 174
5 43 454
37 20 82
62 84 988
97 45 867
30 79 179
79 60 43
28 43 204
8 38 980
10 65 796
84 18 307
74 68 748
22 67 697
76 17 199
80 35 569
77 95 152
30 7 210
78 97 74
68 3 296
39 78 760
57 91 358
66 21 509
85 6 865
86 71 297
16 20 120
28 80 205
25 83 979
23 75 75
45 96 981
7 78 883
9 11 322
24 96 216
33 86 478
49 36 72
13 26 498
95 28 404
82 46 224
7 92 688
14 18 546
20 53 382
85 65 753
50 58 328
4 78 57
91 4 389
15 7 108
21 96 283
3 69 468
39 77 387
90 76 513
80 25 781
6 23 671
38 49 138
78 75 432
47 32 214
3 46 727
64 94 15
67 74 786
73 51 412
85 3 45
44 91 24
2 52 346
3 4 611
33 62 417
34 95 729
8 93 248
83 18 353
71 12 337
85 32 465
21 82 545
59 14 382
66 64 359
25 53 593
35 1 311
45 75 584
39 68 976
33 15 490
62 59 599
28 76 781
10 96 821
36 57 50
36 21 389
93 42 396
1 65 555
96 80 696
32 96 874
33 97 764
48 66 216
38 64 225
50 73 203
15 85 902
35 83 834
65 40 88
61 44 128
24 78 120
7 29 60
57 97 972
13 63 958
32 49 573
60 34 96
17 29 443
78 95 657
77 58 75
6 25 142
77 60 303
20 92 984
82 64 712
10 77 351
75 86 65
37 65 570
65 35 866
81 41 71
3 97 677
38 59 676
16 87 145
37 6 563
44 63 501
17 18 650
20 31 194
88 89 111
57 95 405
2 17 465
86 2 324
95 79 179
94 47 543
36 62 609
1 7 286
76 64 33
19 24 321
7 54 965
9 88 945
39 27 230
87 47 993
77 54 179
61 37 632
95 31 566
19 62 852
14 87 903
5 97 226
94 59 113
37 82 593
70 58 381
75 13 390
23 93 67
86 45 187
19 76 980
50 91 850
3 73 284
46 76 717
15 27 28
62 80 939
2 43 297
70 13 464
62 49 920
26 39 926
79 18 927
14 96 356
51 56 686
48 55 629
88 10 155
49 61 640
47 83 855
15 91 866
22 28 956
26 17 408
59 45 439
35 16 316
97 35 507
6 64 152
85 87 647
49 34 39
20 48 736
10 43 207
57 37 340
69 85 605
81 56 35
36 9 661
63 87 728
35 42 111
77 91 811
17 83 795
84 56 265
76 63 378
96 13 278
64 17 44
7 48 473
40 12 265
55 20 67
38 93 138
55 54 84
97 10 1
26 87 463
72 3 997
34 30 177
58 27 119
16 46 198
89 61 644
48 63 376
79 32 559
62 63 748
71 70 656
54 9 208
94 89 632
39 18 316
66 54 700
86 7 616
82 87 979
86 3 921
19 69 276
29 97 868
69 83 706
71 41 535
53 19 633
69 62 390
12 91 413
45 2 712
91 56 452
69 57 955
38 72 138
23 24 488
36 3 915
42 5 453
13 46 56
8 46 62
89 75 702
95 93 187
40 2 628
89 72 599
62 41 440
64 3 348
59 8 982
35 85 381
29 91 344
44 59 263
31 22 440
92 85 798
5 36 452
81 22 869
75 32 149
9 60 40
55 11 567
23 11 135
41 37 758
26 1 326
86 78 71
94 34 66
42 72 239
49 11 769
97 51 920
78 30 507
63 23 231
76 75 614
4 86 216
68 76 972
78 88 60
16 29 440
60 67 16
69 41 676
18 10 803
44 5 16
27 21 920
47 17 951
38 62 11
83 56 330
63 57 654
16 14 73
9 66 324
96 53 295
56 9 440
23 27 7
10 24 902
45 76 843
61 22 668
68 61 340
12 30 915
90 37 487
4 90 761
50 92 18
8 84 195
59 26 610
90 26 427
97 18 58
22 87 835
47 43 185
62 6 503
95 75 241
84 51 777
42 45 591
19 65 372
59 65 775
44 45 920
35 44 397
18 5 474
34 19 409
15 68 194
24 81 482
3 89 647
38 29 905
73 45 28
45 92 658
33 84 696
41 93 96
33 19 154
54 3 123
34 79 206
26 43 715
24 35 779
96 30 784
19 43 390
29 24 227
3 34 57
97 56 485
41 19 917
13 76 660
23 79 829
6 72 843
92 3 736
11 53 544
28 15 506
20 4 149
69 7 620
24 80 54
26 55 398
38 74 337
21 90 801
15 51 277
46 84 484
58 15 156
72 32 964
41 15 977
14 77 516
12 81 257
71 40 362
71 47 718
51 7 366
80 20 162
66 86 967
10 25 194
39 19 940
68 57 420
63 4 455
56 69 912
23 66 72
74 17 73
76 54 351
21 80 877
50 56 712
45 39 245
64 10 993
85 68 926
45 6 193
36 29 497
18 3 342
77 18 353
73 20 868
35 12 579
79 21 58
4 15 685
82 34 978
4 1 263
5 62 127
95 67 238
35 69 484
42 91 705
88 70 357
93 44 353
58 45 718
91 84 360
63 51 556
26 66 297
82 19 673
59 27 838
61 16 395
71 6 386
97 37 39
46 26 58
87 65 914
9 44 974
78 54 715
93 77 606
88 77 170
77 72 508
95 13 963
94 97 637
93 90 786
14 13 129
24 93 498
9 26 764
78 83 446
86 94 896
55 14 237
61 94 505
76 57 699
39 42 225
14 1 661
25 86 934
87 53 545
44 21 70
36 86 559
72 76 563
25 15 111
43 20 745
72 63 808
31 62 756
5 28 609
71 55 238
47 34 836
7 10 471
75 18 770
76 25 854
94 48 363
25 92 896
88 39 435
10 16 773
37 59 311
65 83 554
59 71 988
51 30 753
53 33 433
17 78 922
38 18 686
11 69 425
5 73 825
60 39 178
23 54 709
58 48 122
25 40 806
87 91 377
8 4 132
95 7 259
49 68 414
31 11 934
37 52 38
2 7 636
38 73 707
40 53 845
74 44 784
56 1 313
46 85 804
55 47 472
33 5 314
78 85 208
40 23 381
8 32 947
1 73 67
25 28 290
27 61 433
28 61 564
96 27 482
93 94 276
38 78 75
65 51 776
82 13 797
55 17 738
79 50 455
47 67 577
89 17 594
71 43 866
12 42 632
76 79 107
38 38 877
94 10 129
18 76 836
6 67 239
27 74 649
21 75 688
90 18 212
61 21 543
14 26 687
11 28 183
38 97 375
96 79 124
15 55 715
91 3 510
7 55 524
69 15 855
95 6 202
4 54 438
28 18 739
56 36 682
80 39 4
35 32 995
58 5 931
84 94 871
96 46 865
31 29 631
96 89 679
2 12 3
16 60 708
70 26 359
59 60 790
78 35 291
11 48 209
45 70 60
76 76 672
22 80 811
77 62 589
60 89 70
58 58 875
83 91 398
72 55 433
22 93 987
97 8 239
21 56 829
36 1 870
24 64 563
76 71 1
29 10 777
32 4 395
36 39 99
31 84 644
74 83 821
35 2 225
82 51 798
61 18 899
75 29 975
36 26 462
21 83 691
35 17 706
72 81 888
88 85 684
77 61 82
39 83 581
58 11 188
32 78 539
13 91 24
33 89 501
78 41 838
88 35 990
9 40 209
28 47 682
87 34 613
69 5 312
36 66 961
26 20 451
89 85 685
74 24 715
33 14 884
38 2 955
18 73 405
53 53 720
36 15 956
97 88 222
8 22 982
5 54 943
72 10 906
18 59 530
35 10 709
77 97 553
15 88 172
90 59 421
55 8 381
65 23 191
70 87 620
5 26 751
50 65 297
84 47 921
21 10 64
6 63 412
71 36 869
50 42 128
32 93 321
43 6 822
95 40 281
27 36 114
59 86 156
29 60 742
40 58 651
51 6 854
8 20 632
33 26 338
1 44 410
46 11 477
94 82 210
52 23 658
57 60 383
5 21 756
81 1 889
52 91 946
76 24 607
73 94 230
40 20 441
76 81 94
93 80 142
88 60 32
59 95 115
50 83 90
73 71 624
50 77 126
46 32 61
75 37 957
55 51 703
77 27 223
19 7 832
79 97 531
69 58 518
61 13 730
41 33 476
91 21 58
47 81 184
84 95 693
17 62 898
79 72 983
57 44 494
41 5 894
87 84 28
5 51 635
19 35 970
45 35 919
65 6 394
9 77 279
85 94 868
45 23 35
41 23 564
2 46 241
69 10 283
76 41 177
66 68 293
65 75 30
31 25 391
10 2 826
37 27 178
43 79 696
86 46 449
13 31 241
1 58 767
54 14 954
71 8 512
5 4 944
63 19 379
68 53 402
25 12 697
3 33 37
33 48 117
52 38 888
89 97 827
19 44 133
61 1 176
6 12 461
35 37 180
31 31 992
4 16 887
59 57 256
14 67 382
37 13 908
14 68 379
51 19 662
50 97 630
2 74 287
34 8 402
89 89 680
10 31 203
47 45 576
72 70 522
22 13 562
86 1 510
90 7 277
68 29 958
25 2 476
88 21 406
94 43 213
60 76 877
61 11 732
78 62 396
24 40 596
23 26 141
8 27 579
1 1 177
91 8 654
1 50 473
2 51 496
64 63 390
67 12 552
20 67 340
56 58 791
9 21 830
93 46 254
37 15 775
88 52 609
68 54 971
31 52 465
29 88 876
63 82 95
58 84 896
31 60 338
93 87 936
58 42 595
59 50 139
56 66 77
18 41 928
24 69 359
17 81 278
81 64 898
20 63 725
18 8 423
93 16 155
66 85 775
73 86 399
50 39 921
61 65 595
80 83 889
67 34 768
53 64 617
21 28 943
84 16 608
55 21 982
65 20 53
42 44 572
57 55 757
65 96 226
91 55 904
7 8 51
79 36 85
64 47 152
23 81 529
12 75 337
30 3 137
9 86 398
5 65 832
55 33 390
3 31 970
2 75 376
53 29 198
58 92 510
8 2 592
8 88 695
96 43 912
34 88 517
76 40 597
85 62 132
87 66 553
56 90 456
50 27 507
2 42 576
81 14 696
68 65 214
75 8 421
89 36 473
95 22 51
30 10 101
71 4 670
61 75 354
13 84 547
44 20 697
18 7 197
88 68 11
22 40 248
31 26 409
24 53 803
16 58 875
15 23 834
83 44 10
9 14 735
63 95 492
53 75 273
95 45 106
69 71 976
82 8 56
69 92 230
31 71 934
7 82 324
85 21 668
58 22 714
42 62 523
97 63 389
93 1 83
72 16 883
20 35 136
74 20 586
44 84 374
46 20 867
67 79 513
19 61 486
87 23 128
68 93 79
91 51 151
69 96 768
69 49 597
51 96 465
66 70 639
13 19 376
76 78 830
89 5 151
19 16 271
32 26 978
52 77 927
21 94 991
73 29 352
24 17 192
64 14 499
43 32 950
58 23 9
48 69 583
82 49 794
22 3 262
37 23 277
84 9 301
47 22 499
51 60 461
56 38 715
21 92 452
52 82 19
33 1 814
87 38 506
61 26 822
34 74 258
96 50 281
83 48 280
50 57 566
27 4 200
86 15 782
49 80 805
54 92 695
24 68 198
97 81 270
11 76 543
63 79 813
55 79 439
23 97 480
77 74 772
78 8 3
21 59 32
38 19 894
89 1 818
94 23 21
82 3 232
10 28 707
79 52 150
63 32 500
32 20 189
56 40 528
66 34 312
86 58 36
25 58 781
69 17 726
6 18 881
91 23 432
41 22 618
28 16 486
5 84 417
36 96 520
87 31 815
32 19 142
97 91 525
27 40 695
17 73 109
72 78 740
6 47 451
14 31 128
80 87 632
40 51 734
95 16 38
1 76 383
48 5 80
45 3 203
19 73 469
81 20 816
29 89 425
24 31 1
18 27 705
18 52 19
85 16 543
23 82 255
24 50 840
40 18 199
54 48 216
69 59 228
78 69 376
52 74 236
88 43 821
16 78 129
89 54 886
86 13 40
82 96 287
91 53 779
89 69 428
75 35 632
3 49 698
41 94 771
64 36 66
83 68 424
61 74 143
49 8 973
79 26 953
78 2 790
26 34 404
29 47 614
3 94 662
67 75 514
77 78 776
73 87 298
55 53 334
31 93 127
76 55 590
36 31 182
30 73 32
42 89 333
91 76 422
30 80 150
58 10 717
47 77 617
46 53 318
55 10 235
9 33 962
43 95 346
75 84 465
12 74 833
29 55 343
16 53 329
13 29 990
12 39 247
97 97 181
45 79 983
54 31 783
66 29 274
42 97 584
18 16 259
86 23 119
96 25 693
72 72 864
18 35 758
49 22 40
52 1 666
42 85 555
4 9 793
69 70 449
61 83 239
46 73 882
46 9 463
22 76 630
7 84 902
29 8 137
82 90 108
6 70 426
64 78 634
50 26 926
51 33 552
34 53 84
83 33 863
71 85 919
16 67 777
57 61 731
44 80 438
51 66 508
83 30 504
34 39 40
32 11 870
21 7 282
1 13 568
68 41 738
65 8 259
72 36 634
34 56 542
56 19 587
66 5 242
27 9 960
40 34 143
80 73 999
96 35 27
24 15 350
69 44 514
3 13 315
93 52 137
31 9 243
42 61 12
16 21 592
57 72 764
11 71 790
69 22 147
25 72 425
26 52 483
96 39 201
43 29 816
76 69 367
84 84 916
43 37 770
34 41 350
66 47 280
28 57 996
21 50 195
79 69 828
28 53 104
87 36 314
38 40 78
73 81 484
18 20 744
86 70 10
75 73 189
14 22 393
54 75 219
63 31 730
15 94 376
91 79 606
15 87 937
97 58 773
36 4 901
47 14 197
5 11 83
66 78 785
29 23 896
73 21 645
3 23 563
92 36 866
14 44 145
81 52 514
58 85 893
42 52 531
64 91 104
12 52 149
60 91 290
57 85 724
69 40 191
72 43 458
7 49 520
57 17 402
96 44 258
16 71 37
7 58 626
62 67 446
8 95 195
15 60 837
68 71 618
12 36 355
74 6 22
81 5 283
30 44 641
41 58 153
67 57 274
16 56 824
58 91 953
33 52 615
5 79 472
78 82 272
63 68 618
62 43 967
24 67 585
64 45 44
54 16 544
6 79 356
69 90 99
83 49 436
47 36 574
58 39 517
93 92 771
58 64 655
60 72 14
48 39 346
44 92 989
90 12 48
45 1 789
86 19 782
54 58 758
31 27 456
30 21 64
78 68 682
19 26 362
11 19 889
43 54 881
64 27 14
57 57 100
64 25 690
38 95 961
87 57 655
29 58 104
30 15 491
55 80 376
40 46 692
73 28 392
93 89 589
43 24 338
77 94 490
94 31 123
27 14 580
18 53 755
77 12 328
55 67 759
65 17 337
81 38 313
2 2 223
35 49 681
41 44 274
45 90 289
59 93 15
29 33 729
45 29 258
9 90 43
19 28 448
43 80 597
70 50 447
43 69 120
83 54 183
88 80 522
56 47 16
35 93 868
8 86 243
95 68 830
96 9 480
71 65 909
59 89 575
96 12 547
60 1 767
55 93 380
82 17 759
89 11 231
97 16 403
92 12 482
72 20 32
45 65 582
59 68 505
32 94 720
64 96 993
16 26 801
41 60 994
23 14 547
92 56 635
43 59 883
14 74 626
84 28 886
93 58 90
40 17 765
78 3 452
89 46 872
31 50 763
22 73 994
25 73 653
29 41 643
30 13 591
28 4 27
87 45 406
37 54 530
89 34 759
78 33 81
13 62 909
17 45 956
28 14 719
41 79 88
29 46 516
4 77 741
28 1 303
20 66 134
12 47 576
84 61 382
81 68 297
38 77 648
45 43 418
32 29 839
40 60 683
77 79 412
93 78 16
82 36 97
28 77 188
69 13 500
59 73 887
18 70 871
23 44 648
74 79 997
11 20 950
3 56 859
89 79 411
17 39 890
60 62 171
62 23 559
18 85 835
41 95 842
19 19 965
10 10 819
5 7 410
8 92 257
93 48 573
54 10 593
93 93 609
80 10 942
64 37 360
85 96 251
12 26 364
4 2 511
22 32 272
81 9 595
8 39 904
4 52 77
41 45 211
47 51 232
78 61 561
44 89 128
94 52 643
35 11 761
60 18 1000
29 77 46
71 82 681
18 23 959
24 7 40
97 32 5
88 55 265
68 80 78
17 14 92
56 48 16
87 69 938
72 91 634
70 41 119
22 34 619
57 96 39
12 51 682
37 62 146
6 94 410
52 6 452
54 81 515
42 56 632
33 75 543
54 12 662
64 61 897
82 55 319
20 61 4
2 9 940
63 74 479
51 81 435
88 23 422
22 9 491
56 5 724
93 72 200
12 69 271
64 57 641
34 48 20
24 44 583
94 26 783
28 24 936
93 20 653
38 70 624
55 45 126
74 73 305
30 95 739
73 69 829
30 60 979
31 34 114
65 64 758
74 18 543
92 42 862
20 69 132
21 89 747
23 92 751
36 46 72
75 74 612
85 48 812
31 38 984
9 48 886
79 93 920
50 46 711
43 86 345
65 78 155
74 39 596
15 21 406
93 69 508
57 21 191
36 41 851
78 46 348
84 60 370
41 97 787
16 40 986
43 52 904
35 67 741
61 45 275
16 36 992
44 26 328
49 85 255
92 78 52
5 22 772
56 45 57
64 97 519
86 26 998
71 35 704
95 94 909
27 71 946
50 45 517
75 71 507
30 64 340
44 22 775
1 91 280
93 83 441
78 58 339
84 90 608
5 39 11
7 35 887
35 23 736
67 8 210
59 2 425
57 71 350
5 17 591
31 46 329
41 42 898
72 22 712
16 76 41
42 16 148
52 65 991
42 90 616
63 34 681
62 76 793
46 91 132
44 97 813
83 83 614
70 70 728
67 72 169
69 75 838
14 30 398
94 30 424
64 32 4
89 19 993
72 14 300
70 73 486
53 14 587
52 67 512
1 85 928
58 52 947
49 50 662
40 21 757
2 63 966
23 76 734
16 51 560
57 62 459
43 60 823
24 94 758
3 80 965
61 32 383
95 24 299
29 21 530
87 62 287
72 86 874
24 37 215
10 32 313
70 37 210
29 61 706
31 41 937
66 58 753
97 92 37
14 12 946
32 54 941
73 35 417
54 46 263
4 42 305
10 27 902
91 75 125
89 56 437
2 87 405
94 68 302
42 84 564
40 67 664
53 27 249
83 12 413
82 80 497
87 5 44
92 2 40
31 23 107
40 47 110
3 83 102
57 20 7
18 43 196
1 90 19
70 91 756
11 27 712
84 76 125
29 86 178
72 94 605
58 75 68
51 67 235
57 26 836
56 80 491
64 60 604
91 48 983
8 1 447
96 4 529
53 84 180
69 4 461
47 97 445
59 6 51
9 17 209
8 31 317
39 76 290
60 61 160
55 92 457
29 51 314
82 45 725
24 55 428
82 33 299
87 18 15
6 88 198
8 52 823
51 83 314
28 79 334
79 92 756
67 66 368
5 25 15
72 90 998
4 56 315
28 8 408
61 33 16
31 49 347
23 13 967
81 69 153
22 68 633
54 35 727
69 54 764
61 76 427
39 65 229
5 70 522
58 73 967
1 41 891
83 59 261
72 41 72
24 70 425
54 41 577
4 57 841
55 61 909
32 9 236
94 58 271
37 66 328
48 61 305
71 71 773
6 38 822
76 94 252
15 54 59
71 53 550
21 19 376
11 90 576
83 23 213
71 3 30
23 32 10
3 59 332
34 4 422
69 69 62
13 2 289
2 83 24
94 39 648
77 20 136
21 2 613
66 38 303
13 12 866
3 51 521
77 13 937
97 60 793
56 24 452
53 2 591
1 17 499
17 10 482
53 48 810
74 50 746
23 80 766
14 75 582
83 95 953
62 11 813
80 60 293
41 74 707
75 5 94
96 97 87
82 50 803
49 15 480
1 77 251
13 53 260
6 60 315
71 18 972
59 46 958
61 5 293
80 31 489
45 94 922
84 93 264
74 36 510
35 91 616
39 32 802
61 59 516
80 81 321
15 14 467
87 68 9
50 52 124
24 60 625
15 10 480
14 85 385
54 64 923
74 65 371
47 15 190
69 60 428
65 7 228
20 36 490
72 9 195
55 66 225
13 6 681
88 50 792
7 40 728
22 65 12
2 11 486
37 91 297
31 32 588
35 31 353
69 77 534
74 87 732
38 67 664
71 97 512
71 13 890
91 45 594
29 44 723
93 50 133
48 40 398
53 8 561
15 95 634
76 52 894
28 68 480
48 29 423
32 80 261
53 95 608
42 74 954
79 79 499
94 57 188
71 74 567
79 4 28
1 96 178
25 79 709
33 25 402
58 55 104
29 22 600
37 96 839
76 29 670
82 89 475
4 87 224
5 85 960
9 16 135
19 67 690
81 39 16
10 63 494
43 73 190
51 52 836
85 81 116
11 22 821
69 31 846
97 72 459
93 7 647
94 70 567
72 17 193
50 12 571
38 69 800
4 4 136
53 35 100
1 68 155
36 24 924
45 4 272
2 82 370
16 23 272
92 51 939
25 66 32
64 72 540
30 67 468
68 45 4
90 22 980
51 38 920
93 97 127
74 93 616
73 52 346
12 15 715
26 69 431
92 84 291
43 12 604
96 70 843
40 87 286
82 86 527
31 15 257
56 55 683
46 88 562
13 8 443
47 7 262
90 33 208
56 73 140
2 71 80
4 70 941
64 46 176
80 65 996
31 73 373
49 63 361
52 60 116
42 51 406
33 17 506
84 89 832
82 40 773
80 6 869
59 80 543
74 59 999
21 51 122
6 30 212
88 16 235
73 33 743
41 27 271
49 78 583
35 59 263
78 55 344
68 4 110
86 20 618
19 37 462
52 59 551
9 73 457
11 82 10
96 84 728
26 6 826
63 63 501
11 16 693
36 59 959
5 55 577
21 43 426
41 46 476
24 42 293
26 81 243
68 92 459
3 88 842
64 41 167
46 17 771
23 69 655
30 77 659
10 36 894
47 13 20
12 4 216
87 72 853
84 35 339
41 52 342
63 39 739
20 29 396
50 22 226
72 62 510
42 25 414
88 83 827
92 38 77
66 22 910
66 50 733
61 2 828
83 24 451
70 77 973
72 52 136
72 23 824
29 14 450
27 73 656
70 7 845
89 39 74
27 81 24
91 32 723
5 45 908
11 92 607
64 1 33
75 81 975
82 56 756
1 40 413
25 41 202
74 13 581
41 21 606
75 27 173
80 72 640
33 42 626
25 94 254
57 80 471
83 26 37
84 68 470
88 90 282
19 14 327
81 88 130
43 51 793
32 65 975
24 21 390
57 29 940
24 88 674
41 9 568
31 81 365
4 49 987
37 80 610
67 21 326
64 9 485
13 56 674
21 42 134
15 70 203
46 79 22
43 74 542
31 53 381
9 51 105
26 15 670
34 38 717
47 95 775
81 8 714
81 55 113
73 53 298
2 76 672
34 46 57
87 94 307
68 79 838
79 3 306
34 90 412
18 49 122
22 43 691
57 77 143
2 37 124
4 22 955
79 70 414
61 86 353
63 22 269
59 82 495
14 91 767
89 49 786
97 85 138
16 32 473
62 86 827
7 68 579
36 18 980
69 27 833
4 92 86
54 54 264
21 22 136
86 37 567
89 77 650
78 1 328
82 10 421
64 29 806
81 74 555
81 16 882
52 35 786
17 28 512
39 57 863
58 82 886
86 86 733
39 30 342
86 88 125
20 70 218
64 88 894
16 77 722
39 79 503
10 90 273
14 11 410
75 77 981
82 43 972
73 92 780
51 20 591
25 11 326
30 37 468
15 79 398
80 52 559
57 75 734
81 67 526
39 62 161
81 62 947
4 24 655
17 31 606
67 41 537
8 26 353
16 39 179
45 46 810
17 48 836
56 67 298
36 19 631
21 52 275
58 60 254
60 36 591
54 36 421
1 15 705
87 67 624
2 44 215
86 67 203
81 46 356
91 65 907
53 49 456
66 81 466
72 92 688
61 85 42
86 52 423
39 23 435
51 54 519
74 66 891
38 3 797
27 67 609
39 85 982
24 25 459
80 18 140
61 46 373
6 91 495
47 35 451
78 52 882
87 75 611
95 36 653
30 86 942
2 19 150
88 18 478
71 89 547
75 48 279
37 28 526
6 42 612
84 83 290
7 39 403
61 38 975
57 19 561
91 38 994
2 20 199
14 79 688
34 18 180
85 38 598
58 37 530
16 73 376
47 41 122
24 33 90
64 42 938
17 7 554
89 74 728
92 88 224
58 57 866
27 45 305
55 89 64
51 39 501
76 34 90
74 40 670
29 59 103
97 53 163
22 82 967
65 54 166
40 80 367
27 44 356
89 13 196
90 83 319
46 51 986
53 90 498
59 15 77
4 40 921
62 75 390
22 71 127
36 67 194
92 5 378
64 22 122
63 78 899
69 16 287
65 67 587
91 74 510
50 86 698
