79 2464
27 46 220
69 35 252
75 49 647
50 61 633
2 5 860
65 15 588
73 21 940
51 27 807
43 25 917
17 2 260
4 79 765
60 34 976
73 59 500
57 76 806
23 63 747
68 43 318
67 30 464
57 37 737
37 33 430
21 29 443
20 48 183
16 73 799
20 26 13
30 61 672
51 48 148
42 62 140
65 28 298
70 20 542
63 43 889
46 61 89
4 21 504
11 63 759
64 63 696
22 3 165
52 7 939
9 44 709
58 47 697
59 61 396
45 11 610
5 79 680
70 34 208
18 34 698
35 61 715
42 1 390
65 43 270
32 50 799
73 26 451
33 54 243
51 22 873
65 77 702
78 24 665
53 33 544
69 75 946
5 48 640
38 79 502
40 20 785
3 7 883
22 47 786
64 10 795
27 9 759
78 74 602
75 68 88
22 54 471
61 20 972
75 27 989
1 48 209
5 16 339
6 31 910
57 21 626
73 30 976
49 68 837
9 46 995
77 21 930
46 57 939
57 44 410
51 39 547
34 5 407
25 52 952
55 58 619
28 9 54
72 43 595
8 60 527
34 27 50
70 12 649
54 58 728
31 39 17
76 20 934
76 2 884
56 46 791
30 71 654
33 5 544
67 58 97
9 56 203
36 54 372
56 32 302
74 72 129
36 53 106
73 9 65
46 21 147
49 62 778
67 72 519
76 54 748
24 17 845
70 71 453
16 24 95
30 23 611
61 8 764
5 41 901
12 22 15
40 77 622
53 18 459
72 68 427
25 10 719
24 49 713
11 11 406
78 56 687
73 8 85
46 35 519
53 37 695
13 8 737
76 7 472
60 47 347
56 3 422
62 65 493
49 28 782
66 30 542
6 12 651
72 63 468
49 74 168
3 73 653
66 43 177
54 14 42
34 19 986
31 69 137
32 61 107
49 52 216
21 79 630
13 19 593
39 19 967
36 62 88
58 11 283
4 51 403
69 12 403
22 21 474
18 73 147
17 28 155
74 38 224
15 55 25
68 4 265
71 57 112
4 70 585
16 34 937
51 3 469
5 47 620
25 58 779
10 47 756
68 68 870
71 74 196
9 59 929
53 58 909
17 63 633
79 14 138
38 64 417
28 19 909
42 29 831
7 1 17
29 27 825
18 42 474
3 65 945
42 23 624
17 19 938
47 36 646
23 3 526
48 69 525
44 11 706
6 44 645
25 17 876
60 33 111
38 52 700
47 76 267
21 13 589
6 58 447
15 42 795
13 49 168
41 22 436
34 15 557
45 74 788
13 71 353
4 13 907
5 54 477
69 62 593
59 40 255
6 72 797
47 46 479
36 63 870
31 45 502
67 21 405
37 36 179
57 25 880
76 32 176
5 21 686
27 7 426
78 14 553
12 11 292
65 65 619
22 78 826
39 16 849
10 62 182
76 70 305
53 17 375
54 43 333
38 28 666
10 46 783
34 32 216
44 37 505
57 19 720
22 32 187
4 5 34
18 46 422
75 46 604
8 48 104
32 47 223
53 64 142
68 31 302
31 77 708
36 31 371
23 52 504
10 49 864
7 12 267
51 61 483
76 42 190
26 78 604
1 29 168
65 38 578
13 38 586
22 33 334
28 21 158
57 34 391
37 30 580
27 33 656
59 48 215
21 76 417
29 57 426
69 37 68
69 57 600
23 1 179
19 15 811
49 36 907
37 73 819
29 43 660
62 21 387
67 8 288
57 51 265
58 14 64
70 25 989
10 63 667
20 71 644
28 78 944
46 79 219
58 26 647
53 57 225
7 35 103
77 14 832
71 72 141
66 51 913
66 12 982
27 1 885
52 26 270
63 7 450
2 45 138
44 44 117
11 21 142
7 44 494
4 1 354
21 36 241
47 4 700
52 30 312
67 48 796
46 34 478
33 69 193
21 16 101
5 56 10
33 31 696
11 78 529
40 69 14
19 70 410
46 72 892
60 22 86
43 53 440
50 60 863
79 13 506
77 10 997
10 34 892
65 70 230
14 13 272
4 61 517
26 48 63
32 52 462
44 76 771
38 44 277
21 32 477
60 74 762
69 42 421
58 19 771
58 56 606
33 39 286
46 38 597
44 31 522
62 22 411
49 29 67
70 51 233
32 48 225
54 27 809
35 44 815
52 51 549
37 48 843
35 4 525
54 44 157
49 4 913
68 32 270
23 67 888
70 61 351
55 51 541
41 63 320
30 39 522
29 7 210
42 5 262
20 6 48
49 43 784
12 55 48
74 41 878
71 59 42
23 37 869
58 21 553
6 33 738
25 59 223
16 44 886
14 36 877
18 22 416
18 78 480
4 33 936
30 33 773
55 4 509
39 61 326
16 52 418
42 25 654
51 60 72
13 59 498
55 76 898
15 36 84
71 65 232
78 50 137
1 39 477
24 76 472
12 50 823
40 76 355
78 73 396
25 5 645
12 49 897
44 13 285
57 54 445
43 15 719
49 63 950
48 48 839
25 22 521
5 26 799
73 13 595
55 46 865
7 45 324
49 23 386
29 62 50
16 22 729
22 65 512
58 35 155
5 20 278
71 36 654
11 54 111
60 3 884
8 71 474
18 59 218
9 32 777
52 24 199
75 23 492
47 8 48
23 48 187
48 27 573
65 54 917
18 58 535
50 8 283
9 69 532
14 22 57
31 3 481
2 8 939
55 21 699
4 15 25
1 5 495
65 52 243
78 78 625
70 77 308
79 22 837
50 67 922
76 66 78
31 43 521
56 44 486
30 36 942
69 30 933
42 32 683
42 66 314
21 12 329
30 18 483
49 8 262
64 59 993
6 67 597
22 27 161
45 25 997
45 5 677
74 76 647
63 61 242
56 31 641
78 12 889
35 52 246
49 79 664
54 37 51
32 26 714
40 6 155
9 13 155
52 48 377
28 39 878
17 69 805
25 31 938
72 54 258
6 5 144
54 67 133
42 3 38
21 9 208
13 78 264
1 77 631
78 67 959
55 28 69
29 5 823
73 64 615
40 10 404
40 32 837
13 54 981
27 74 979
74 2 683
36 19 384
57 40 223
72 52 948
40 44 627
53 23 357
36 79 45
30 57 653
69 11 251
43 36 735
71 11 479
35 34 43
67 24 923
32 35 795
8 68 760
2 71 115
1 37 50
44 73 823
79 56 933
60 40 775
71 25 131
40 35 739
51 14 188
50 65 395
9 11 619
31 64 70
11 27 728
67 2 17
45 26 517
22 43 532
51 19 814
57 27 814
61 11 144
59 35 848
44 28 94
12 73 641
20 11 159
36 33 245
53 51 975
42 19 71
36 55 125
56 75 523
64 21 636
19 14 914
23 2 394
63 75 870
24 2 41
37 19 10
73 39 802
10 32 154
16 9 657
13 69 487
16 41 547
2 52 700
49 35 386
18 67 249
32 43 920
49 64 90
14 14 387
24 31 71
43 62 606
57 73 728
15 17 352
68 39 593
22 48 882
62 45 508
36 61 879
3 55 328
47 30 461
62 27 501
4 27 218
29 28 301
42 37 696
7 73 749
19 33 623
52 79 643
62 4 972
22 15 360
46 8 261
34 2 359
73 50 843
79 2 1
1 64 365
64 37 471
11 49 445
37 39 946
45 53 570
17 62 737
24 42 256
40 46 601
75 11 130
9 66 342
73 63 852
71 73 143
26 13 303
72 49 418
50 54 644
31 61 812
67 11 85
42 53 853
62 23 197
11 3 746
48 79 116
75 42 733
68 50 962
51 43 956
69 19 933
44 66 998
4 57 570
72 16 767
52 40 746
66 64 722
61 49 415
48 15 764
53 25 776
4 20 179
7 19 727
9 58 511
58 12 208
66 55 833
7 25 492
24 59 249
48 36 931
17 38 93
6 53 618
39 36 228
61 76 376
54 61 656
65 42 102
49 48 168
67 27 391
72 58 932
6 55 613
58 48 7
37 5 391
2 75 164
46 45 418
20 21 906
24 72 546
33 10 78
60 20 453
36 57 765
52 45 432
55 23 197
74 20 973
57 2 124
74 34 821
64 71 929
55 63 635
58 66 662
55 53 992
7 39 147
45 29 494
59 51 605
42 47 201
44 65 286
18 18 366
6 52 544
35 12 305
49 2 690
74 31 864
18 24 233
63 68 421
43 50 927
6 22 478
4 34 281
54 75 456
40 39 931
53 73 924
15 73 309
51 33 662
14 33 164
50 77 898
16 54 58
26 28 20
12 38 213
28 40 949
14 48 854
56 73 695
63 70 420
57 11 586
10 35 715
52 33 580
68 78 893
66 16 972
8 21 185
22 42 87
4 76 191
40 58 824
66 17 897
39 15 770
17 51 984
67 43 208
53 52 343
15 52 104
14 39 297
72 40 511
59 46 601
26 68 623
17 26 702
10 57 666
30 64 181
78 57 649
55 75 936
46 30 820
20 14 942
62 78 50
24 57 312
12 59 986
14 17 947
2 60 681
76 10 666
48 29 157
30 44 318
19 75 363
63 1 507
33 62 644
78 42 474
6 75 877
62 52 672
11 13 741
37 3 563
13 55 305
63 62 872
31 63 310
19 65 53
43 18 683
2 40 239
15 60 792
58 51 884
39 25 983
72 1 163
23 69 848
67 51 536
41 7 519
14 73 329
70 38 666
58 37 532
55 11 701
55 35 332
70 41 383
21 49 833
52 52 517
8 40 520
72 70 351
37 40 637
53 19 741
79 41 726
35 76 558
1 44 903
28 36 574
69 8 922
16 50 648
58 50 719
49 39 424
69 71 292
68 7 87
5 63 232
47 9 283
64 19 88
46 42 256
42 64 312
69 21 252
58 59 787
12 26 266
20 64 290
35 17 286
33 47 924
71 26 791
36 74 480
15 23 811
31 73 357
17 58 248
55 68 47
67 73 242
1 13 516
28 69 511
41 62 448
13 36 208
33 66 382
46 17 677
2 54 710
56 2 160
77 15 743
22 37 927
4 24 983
76 18 643
28 1 692
79 30 20
30 8 177
49 65 685
45 33 958
33 18 993
53 21 448
71 54 601
78 1 245
52 57 194
43 28 211
45 39 405
36 46 6
1 19 178
59 23 405
11 16 38
62 24 850
60 56 624
1 75 313
18 8 948
56 13 313
40 30 913
12 5 489
42 16 813
10 30 599
60 17 731
61 27 667
30 14 195
69 56 618
35 48 99
40 24 848
50 1 259
48 73 527
48 13 21
66 52 587
42 63 215
4 25 997
4 38 599
47 1 988
75 61 927
41 27 283
29 76 50
10 65 622
57 47 113
72 66 235
14 8 894
15 68 254
65 29 48
19 41 509
15 79 444
65 2 91
53 54 576
5 67 417
37 49 224
31 8 616
19 44 137
55 65 498
34 64 477
22 61 202
63 20 601
15 10 743
76 8 970
11 56 892
37 67 8
44 79 893
13 61 122
25 66 395
55 9 581
17 50 995
43 61 690
24 14 781
50 51 651
9 67 840
9 72 899
42 4 388
13 51 610
54 31 797
19 29 477
76 25 102
18 63 373
8 29 256
75 21 271
47 68 966
35 41 131
29 47 797
48 33 877
4 58 478
53 61 585
39 17 750
60 21 89
16 1 170
41 65 184
21 18 364
32 11 10
54 20 135
38 61 574
53 7 715
63 52 450
41 39 980
6 56 2
70 26 18
70 6 611
49 5 925
78 21 365
36 23 933
61 37 594
45 49 570
55 72 13
51 69 525
19 43 601
67 4 382
38 22 930
43 58 52
30 31 777
64 55 236
65 64 447
44 22 848
36 42 292
42 13 679
54 12 837
54 39 503
10 55 655
1 60 617
18 72 436
27 59 978
74 75 840
56 40 309
57 48 715
57 79 523
30 42 261
2 3 304
32 53 76
78 19 135
71 52 255
20 32 310
49 54 698
9 26 449
51 21 668
68 14 2
17 27 317
19 27 475
7 77 760
70 59 595
35 63 65
78 4 784
32 51 18
21 7 36
12 32 805
59 7 754
71 21 552
79 1 862
72 42 982
49 44 143
53 62 288
74 10 794
45 32 320
63 69 475
67 49 564
78 49 886
53 12 952
13 27 48
8 74 14
50 72 836
37 60 115
26 36 104
44 68 15
26 38 277
56 38 984
30 22 79
79 33 988
47 19 916
6 19 395
34 36 225
3 66 581
23 68 302
21 30 843
38 78 622
38 21 899
51 56 470
64 32 203
26 40 705
30 48 215
10 42 88
16 71 842
41 9 46
50 44 539
9 57 109
4 2 792
50 31 618
3 79 472
45 8 821
17 13 558
14 56 874
13 23 135
29 4 22
67 3 613
39 47 689
13 3 502
51 63 753
51 44 913
70 79 949
18 45 878
49 1 392
15 7 121
7 57 689
78 8 857
74 26 492
16 57 819
52 61 859
52 17 957
58 70 110
72 72 408
26 6 329
73 34 440
69 7 135
22 20 970
24 64 530
51 38 203
70 1 552
60 52 842
5 35 241
67 31 8
47 75 686
54 60 291
10 54 624
42 8 89
24 74 357
69 77 102
78 2 842
22 56 689
74 74 1
10 13 645
16 65 588
38 77 296
62 13 641
28 16 376
61 55 111
76 15 218
57 32 781
4 44 812
58 44 672
34 30 41
62 5 356
3 63 435
10 53 324
3 1 889
56 15 624
46 29 437
64 78 236
54 56 27
54 9 151
6 50 661
46 44 361
56 43 891
15 33 253
72 65 484
57 63 290
37 78 870
4 71 774
27 15 907
45 64 649
42 77 672
9 79 712
54 40 846
10 60 441
74 37 495
14 76 289
79 47 412
2 72 229
77 51 670
12 52 829
13 72 408
50 38 630
20 75 295
10 10 722
50 3 483
18 2 174
71 61 269
28 77 900
53 44 588
42 7 45
65 79 41
79 61 277
57 62 800
42 39 411
10 24 229
78 33 848
16 16 970
58 68 336
2 12 945
47 72 654
29 61 670
66 27 760
15 47 160
32 70 250
69 74 288
38 29 804
28 68 531
78 5 982
45 9 986
75 59 200
49 26 166
46 22 843
14 70 269
15 54 844
16 25 264
22 53 563
10 61 554
33 43 449
27 78 676
13 22 915
37 43 464
76 76 541
79 29 31
7 10 649
74 48 316
57 22 725
43 17 648
26 75 472
1 18 283
16 76 293
75 22 821
78 10 69
6 13 418
6 74 926
35 21 990
75 31 685
18 32 698
6 17 494
70 9 900
24 33 485
65 67 182
12 75 229
60 76 997
27 26 911
14 4 933
30 60 372
70 50 796
58 78 613
28 71 989
57 56 562
75 5 550
39 66 186
48 47 554
8 34 549
34 76 132
29 78 292
14 60 973
32 24 934
8 79 474
47 77 117
30 25 137
37 63 824
26 77 619
17 4 650
79 72 244
46 33 972
14 5 584
44 55 950
15 9 649
64 6 707
46 28 4
35 2 989
75 39 251
15 41 728
57 39 379
31 38 265
21 66 865
4 19 75
38 5 676
9 38 493
48 68 577
68 36 81
5 7 867
68 11 824
46 77 626
6 54 722
6 68 278
28 20 350
25 26 336
26 67 507
50 48 191
25 23 472
73 32 241
57 45 955
66 53 670
14 44 560
78 69 213
30 53 426
28 33 146
64 60 221
29 41 749
49 71 666
1 55 810
63 33 829
3 21 409
17 67 443
37 12 272
34 68 498
6 9 891
44 47 250
41 71 526
50 57 578
20 57 880
12 63 859
3 36 301
65 61 155
47 74 762
75 60 35
24 29 916
31 12 349
65 51 8
7 79 754
21 72 917
33 59 74
41 14 589
20 79 560
14 3 382
37 2 369
78 43 990
45 43 374
12 16 459
7 72 75
70 35 140
4 31 270
7 55 212
41 60 938
9 24 476
64 39 257
40 75 231
62 30 941
13 52 774
18 36 52
55 18 430
33 16 965
62 40 651
46 39 34
71 60 405
66 5 87
13 32 106
31 41 718
30 59 126
1 73 805
6 73 785
66 2 789
58 38 181
37 71 873
28 27 385
17 31 653
64 68 290
30 6 983
71 48 680
22 68 207
5 71 846
46 64 833
31 70 297
1 36 457
36 10 682
45 76 494
56 76 306
52 8 800
1 11 295
56 59 584
14 26 459
21 52 856
51 36 730
11 19 579
51 12 686
68 1 957
58 77 16
41 61 446
66 40 789
8 44 202
1 8 550
1 65 124
57 14 897
17 61 257
5 8 324
27 69 234
67 79 833
52 56 679
74 4 336
58 63 799
15 21 645
43 10 194
75 76 516
14 35 536
76 27 968
75 7 330
46 15 246
28 58 85
19 26 157
51 16 119
75 53 144
3 26 904
50 34 520
19 20 888
19 62 245
62 31 170
63 46 192
45 79 515
63 48 331
37 34 645
31 47 712
43 21 840
21 56 12
9 71 421
5 30 349
33 12 101
8 19 271
26 64 210
40 68 9
57 3 248
53 65 514
4 16 440
22 34 417
77 56 816
35 18 938
77 75 398
20 51 321
45 34 551
25 3 947
19 56 487
53 56 173
38 38 833
72 57 632
74 15 39
64 18 901
39 53 216
59 4 673
21 31 70
38 59 450
57 28 181
55 57 615
11 79 79
74 68 401
19 63 101
64 12 713
53 77 273
18 50 441
38 69 752
27 55 661
3 32 856
78 55 610
51 25 963
11 34 520
30 51 650
56 12 591
2 77 529
77 41 408
71 50 956
3 12 500
53 1 561
3 38 34
56 10 58
23 56 155
48 2 988
73 51 167
4 45 335
21 50 870
17 33 432
60 25 627
50 29 576
23 10 846
55 45 166
28 30 57
59 19 834
73 43 671
15 63 166
37 18 545
41 67 219
78 54 123
61 48 610
54 38 626
51 75 609
17 30 159
45 58 410
69 47 403
43 41 297
25 65 702
64 13 116
30 29 186
73 35 572
31 22 71
70 44 167
35 39 414
47 24 225
11 64 463
37 24 331
11 37 912
42 21 9
18 19 97
25 72 908
28 3 622
61 23 983
55 8 39
17 20 658
63 2 107
11 7 640
12 45 435
74 55 770
36 40 124
57 60 297
2 50 729
25 33 387
6 57 963
22 67 988
25 35 14
55 40 649
35 68 323
50 14 936
25 67 566
16 58 362
79 78 841
31 2 805
16 78 964
74 59 659
57 65 329
54 35 947
70 69 261
54 3 371
76 9 710
34 41 220
63 21 622
28 31 835
49 58 927
59 15 205
35 36 898
14 31 440
11 52 14
4 75 53
79 39 530
38 7 301
52 10 152
19 71 86
10 21 274
15 30 998
73 72 785
74 62 111
5 19 387
72 36 496
32 19 768
23 73 901
38 68 576
25 64 936
13 60 6
26 51 971
72 19 195
73 49 554
49 76 8
38 75 68
27 70 533
18 56 47
16 38 172
24 65 587
52 76 676
14 74 765
65 59 633
32 75 448
59 21 713
27 25 803
64 16 892
42 74 529
23 64 639
8 25 670
73 19 557
75 30 100
41 26 554
17 5 365
32 67 905
20 24 394
77 55 768
40 41 955
61 3 282
68 61 660
25 69 346
73 46 236
3 10 641
3 40 724
35 79 295
75 16 763
36 66 925
74 12 438
54 69 605
65 68 211
32 5 25
64 52 711
40 48 856
13 12 309
45 30 367
62 62 540
16 74 712
72 39 801
71 58 379
35 35 452
14 12 712
21 25 324
9 37 749
38 72 407
44 71 608
70 2 676
73 47 544
56 48 780
46 32 789
45 68 802
68 57 665
35 15 816
60 69 356
28 66 152
44 29 231
39 8 884
37 72 885
51 78 239
61 15 986
19 35 12
50 33 824
66 32 79
23 27 173
25 73 590
50 41 742
68 30 989
51 49 459
23 54 759
20 29 486
69 44 327
21 21 339
28 4 109
6 47 296
29 59 932
20 73 416
69 18 954
36 41 756
76 3 870
51 42 513
20 58 503
2 73 453
27 37 746
65 37 97
67 60 749
43 70 551
41 46 305
43 44 877
29 67 337
34 72 317
45 19 374
2 42 596
63 78 687
60 38 754
61 45 779
20 35 515
62 72 165
37 56 80
6 18 312
37 41 482
43 40 188
74 7 296
77 33 807
67 69 902
30 26 263
67 76 900
71 47 304
49 42 134
78 39 769
77 30 271
24 19 406
51 46 505
16 68 163
62 18 158
33 20 696
74 25 72
21 40 582
3 6 651
14 42 718
49 20 959
65 12 524
40 33 742
77 76 231
6 71 198
55 60 795
48 70 109
70 56 490
45 35 93
52 54 283
50 69 188
29 2 591
15 38 447
59 60 469
53 13 989
79 64 104
64 43 177
17 45 736
41 44 824
58 58 838
62 3 250
55 19 178
61 47 708
9 40 584
2 44 655
78 44 903
13 77 960
64 5 763
62 44 467
30 12 931
1 41 803
2 20 346
53 50 608
10 79 411
31 13 898
59 5 974
12 19 344
78 46 275
13 18 802
35 30 927
24 75 840
19 68 149
42 34 165
16 37 710
35 29 125
41 51 1
9 10 945
18 65 849
31 79 225
72 27 447
6 24 282
53 46 136
29 15 303
53 59 577
10 2 997
21 47 912
16 6 664
6 1 444
16 35 733
44 17 765
42 79 971
56 30 636
11 18 668
78 71 678
20 34 639
4 65 360
67 39 331
79 53 854
40 50 994
3 48 378
8 12 741
1 69 631
67 19 452
66 29 486
22 4 832
12 39 515
54 77 662
4 8 45
48 53 426
59 55 713
16 8 102
34 51 235
11 22 92
21 33 513
34 29 415
2 15 554
9 3 746
22 40 955
42 50 545
35 43 332
45 47 160
29 12 648
45 22 454
31 9 304
6 38 688
9 53 266
73 74 966
76 1 285
63 67 658
17 64 431
12 79 643
76 30 340
41 23 942
75 15 566
78 65 43
5 27 89
53 53 556
73 62 566
35 71 658
74 53 871
69 59 6
24 46 823
17 47 463
26 47 537
66 49 984
8 33 617
45 14 131
41 30 6
42 28 319
52 3 887
48 11 796
77 37 145
8 36 796
57 38 649
73 29 667
29 14 895
23 18 615
39 62 22
68 54 270
38 32 201
61 66 683
57 18 774
19 74 407
26 53 917
17 65 900
31 48 153
16 45 680
30 49 825
8 62 957
76 48 191
13 30 431
15 20 187
27 36 246
15 11 339
76 51 345
31 57 21
30 3 598
61 61 442
77 63 853
70 22 480
78 59 615
64 72 600
11 25 783
35 22 434
62 61 266
50 45 4
47 52 249
31 58 780
16 36 475
77 48 796
67 57 177
64 67 225
47 28 668
50 15 105
54 29 425
10 18 966
13 40 856
42 58 947
35 57 957
4 54 930
4 66 456
45 23 560
71 23 391
30 50 261
3 35 911
66 34 150
20 39 694
63 44 318
48 75 513
66 57 332
71 51 213
64 47 319
29 25 410
67 47 139
49 19 28
49 32 72
33 67 174
67 42 714
23 26 125
6 32 706
42 12 186
51 40 58
60 45 666
20 25 32
26 42 622
56 39 781
79 74 502
33 29 114
23 29 428
35 77 554
42 31 166
14 67 114
48 54 787
1 40 71
5 18 695
73 79 825
41 49 387
46 26 897
43 52 531
40 79 15
77 34 843
10 5 964
17 3 6
61 69 841
17 76 738
61 67 556
42 73 59
27 20 487
29 39 171
49 55 726
54 79 203
1 33 808
53 14 582
68 76 559
31 78 226
34 6 69
22 1 215
39 59 265
19 19 188
32 55 89
59 59 531
70 10 613
70 49 523
73 27 366
47 56 502
48 46 77
64 57 548
24 12 363
16 47 686
38 25 137
69 79 460
44 18 706
63 8 108
77 12 803
35 13 614
33 44 248
29 55 855
73 45 940
22 28 663
49 14 199
38 27 693
71 62 264
40 63 800
29 32 307
50 4 999
60 31 331
29 53 757
8 72 125
31 66 375
34 59 502
6 46 968
52 78 174
73 41 300
61 44 2
35 53 266
71 32 929
7 6 710
75 79 788
52 4 302
35 74 988
74 52 806
7 26 854
30 1 854
69 49 992
71 56 422
11 10 541
77 59 231
24 28 982
41 38 132
38 73 552
17 79 617
32 32 681
53 78 935
29 10 561
14 28 70
28 37 416
7 65 117
67 70 216
9 61 465
77 17 735
54 28 611
64 74 183
75 44 11
7 18 673
38 71 498
29 63 682
29 69 853
49 40 673
64 8 782
45 36 616
72 33 497
68 27 275
28 28 230
78 34 334
12 23 927
2 30 110
67 45 664
60 7 889
8 35 497
77 72 563
55 14 781
21 23 217
34 28 362
55 47 904
41 76 425
69 65 462
40 17 739
7 22 185
13 75 616
65 23 66
76 64 823
38 36 350
35 26 169
16 3 389
14 7 963
27 77 251
22 71 383
38 48 532
28 62 927
40 31 929
25 6 500
5 51 674
56 34 526
36 76 341
28 75 140
42 57 371
72 75 340
52 20 726
66 70 607
17 78 838
47 70 908
60 63 620
34 17 854
64 40 290
23 5 280
48 17 128
49 60 172
45 71 436
67 35 843
34 23 510
26 11 351
75 57 198
47 63 883
34 31 270
69 5 746
12 36 181
24 7 103
13 15 29
2 21 828
8 56 577
13 50 123
67 10 230
46 12 678
52 69 333
25 47 311
25 62 532
40 70 415
66 18 348
52 67 403
55 41 704
63 24 256
39 26 190
2 28 415
60 66 132
2 1 396
35 9 435
77 77 893
33 61 829
31 16 637
37 66 147
33 58 339
27 12 558
79 34 394
29 72 956
46 16 386
58 13 76
26 57 519
10 68 832
18 54 974
24 30 339
34 21 326
1 51 54
24 43 17
26 4 15
40 67 648
59 1 18
44 74 675
41 75 871
25 13 51
21 65 181
32 62 287
43 13 232
77 64 683
42 38 480
52 27 759
2 38 427
2 32 445
45 72 642
1 9 713
34 25 860
60 39 499
60 12 243
14 59 125
19 52 758
78 36 907
31 37 886
73 52 965
6 6 867
40 40 750
1 57 69
53 8 387
37 70 974
2 27 781
64 64 843
47 14 420
11 66 816
55 30 875
65 30 871
48 41 21
50 9 133
47 23 333
31 1 47
26 66 933
12 20 55
65 34 202
17 75 901
28 25 985
4 63 889
28 76 159
68 12 538
10 4 465
16 53 293
72 41 750
79 25 474
32 58 13
77 22 267
5 52 505
11 72 834
39 11 206
30 74 242
70 52 809
24 3 930
51 74 219
24 51 384
26 18 856
68 62 9
13 39 900
50 24 183
50 28 801
3 74 357
39 22 343
34 49 406
63 76 636
4 48 316
17 59 151
40 78 486
47 12 799
1 24 370
75 36 740
43 38 498
32 17 184
75 45 98
27 47 250
74 22 330
4 64 497
6 23 601
47 34 535
64 22 406
39 48 17
7 23 416
8 6 486
25 63 590
12 44 188
53 67 599
49 17 161
54 66 121
65 39 509
40 53 853
39 58 15
43 48 991
65 48 950
11 77 335
16 67 846
35 37 356
25 68 843
1 54 481
4 37 331
6 78 891
38 40 510
71 40 949
1 62 324
4 40 492
66 71 794
23 33 731
31 46 855
66 48 209
77 61 842
62 75 406
16 49 592
2 7 781
41 53 449
58 65 558
7 36 249
52 42 734
69 64 762
12 48 192
6 69 977
9 42 705
35 65 919
58 75 332
31 35 328
47 47 96
64 70 841
1 15 70
49 3 823
5 24 368
59 47 289
48 16 958
65 33 133
32 79 872
45 59 193
41 10 936
62 59 4
43 12 508
56 1 856
76 58 572
31 59 179
64 35 364
49 25 750
20 77 638
75 66 140
21 54 868
65 75 913
68 56 165
3 72 901
38 30 653
70 17 215
71 77 830
24 22 16
3 70 297
9 29 188
10 44 316
15 14 624
1 32 779
44 3 808
48 72 179
2 68 753
57 13 396
41 68 436
59 66 694
38 10 493
70 16 74
15 69 186
60 18 638
39 2 872
45 3 20
18 20 311
47 51 77
7 67 977
3 19 201
11 59 487
35 11 512
65 5 621
34 61 785
23 39 654
10 22 707
22 22 957
60 36 975
14 9 883
23 58 363
62 15 316
33 71 185
25 75 885
52 58 873
16 79 182
12 17 512
77 3 94
33 33 323
11 70 536
60 32 700
78 75 320
16 2 217
26 72 99
32 54 290
60 77 400
15 40 485
54 54 257
43 59 955
31 20 311
14 63 619
68 3 582
31 10 591
28 41 19
21 70 5
53 31 242
1 10 715
63 32 393
40 11 586
27 39 679
3 8 934
34 33 578
15 45 522
42 40 428
39 24 626
1 35 628
10 26 478
26 2 134
40 61 500
40 47 513
5 11 38
37 20 996
2 41 813
7 16 652
29 16 706
46 66 937
49 50 231
55 70 303
8 8 829
26 15 857
51 68 621
78 23 426
75 33 55
11 24 173
79 28 727
49 9 150
4 46 734
53 60 807
39 76 830
52 68 448
4 11 334
64 58 329
30 30 313
75 70 535
10 69 273
72 76 249
54 74 302
25 78 980
11 50 736
19 79 179
25 24 242
7 78 306
21 61 508
27 18 315
56 36 641
1 46 849
59 79 807
8 77 816
71 42 876
14 16 50
37 75 820
16 15 249
36 2 952
27 65 2
53 63 972
45 37 796
19 16 61
79 27 34
56 74 965
37 25 149
38 66 613
30 78 144
78 45 185
7 62 112
33 76 523
74 1 858
12 18 488
43 30 185
7 47 136
15 12 974
71 17 715
55 42 286
71 27 479
43 77 74
38 33 518
55 38 270
28 59 209
34 34 774
38 37 56
20 41 78
68 46 667
71 79 242
2 19 327
6 39 200
55 48 580
3 41 546
70 29 623
20 23 536
62 6 968
58 29 468
74 43 366
23 16 925
49 18 716
10 58 521
6 65 581
34 43 276
2 62 850
9 62 312
9 8 189
50 66 916
74 33 567
30 16 836
33 55 384
69 22 718
77 57 565
75 9 202
55 25 118
23 4 952
16 27 880
26 43 866
16 61 874
19 23 323
30 70 214
10 66 529
3 15 377
14 43 423
36 36 407
74 21 584
1 25 508
15 44 321
23 22 124
12 9 778
15 25 244
45 42 134
67 62 47
23 50 50
68 42 869
63 6 538
58 34 850
66 63 305
76 11 767
73 60 916
72 78 720
9 18 628
14 25 105
11 36 209
62 47 709
35 38 795
18 48 719
28 61 83
50 76 223
70 57 887
8 43 624
17 42 412
13 63 523
7 17 199
61 25 171
67 36 50
72 5 950
55 22 815
66 73 823
20 36 646
50 19 263
12 57 998
62 64 96
47 66 822
28 48 104
71 34 905
51 11 155
68 59 636
78 35 243
13 20 743
7 28 243
9 2 404
11 73 327
78 60 954
68 79 923
66 41 598
73 77 810
68 66 346
5 76 506
7 32 995
39 3 724
15 15 17
75 18 492
46 74 121
71 29 399
26 50 608
70 33 458
23 43 89
36 25 606
28 5 946
31 11 554
38 53 517
76 12 345
23 72 668
2 55 510
50 7 308
13 46 314
26 59 732
75 64 226
3 78 407
63 71 528
3 69 284
54 51 229
23 31 818
65 13 126
71 68 898
63 26 119
44 36 657
24 79 483
12 25 675
58 22 743
20 38 208
33 42 804
26 55 371
37 46 480
53 2 232
22 2 425
46 2 919
41 12 348
20 68 33
57 15 593
40 18 150
6 41 30
37 26 350
27 31 614
10 39 679
34 44 193
48 19 386
77 49 962
37 68 123
75 14 698
64 7 783
75 43 923
72 44 814
67 68 58
25 77 73
34 52 487
42 44 778
8 27 93
56 63 819
5 36 12
27 35 417
11 65 78
77 39 600
67 28 625
21 37 950
34 63 228
55 20 576
56 28 910
7 33 827
15 49 619
57 33 100
73 10 731
58 2 193
18 28 101
73 24 517
3 27 232
64 27 362
23 44 450
13 16 993
26 61 122
6 15 942
26 56 543
63 50 565
55 56 434
77 44 656
6 37 959
70 13 579
13 5 689
33 64 28
38 62 661
33 56 855
43 79 59
56 45 884
79 60 252
52 77 964
36 4 887
43 6 917
10 19 234
68 21 282
79 58 92
65 63 271
33 49 673
10 14 433
25 56 720
22 19 230
59 16 39
60 28 477
75 29 741
10 51 294
15 5 576
1 17 92
61 1 308
12 4 207
34 13 230
17 18 39
10 45 191
4 56 366
79 77 508
65 56 188
6 45 104
29 13 235
24 61 986
67 44 188
6 21 213
8 15 825
60 5 738
10 72 297
66 77 104
59 49 106
54 17 501
25 46 698
21 44 93
6 4 564
1 26 994
59 42 140
59 63 236
21 26 462
4 30 623
41 59 426
1 38 475
52 22 505
35 42 435
69 32 668
32 4 722
24 13 799
76 79 585
26 79 947
18 14 936
57 41 818
70 7 667
66 35 970
28 8 434
61 60 485
65 66 45
37 59 613
20 72 703
70 46 560
35 72 400
30 72 369
63 22 718
67 13 512
37 8 507
57 61 553
41 33 812
30 9 696
70 53 253
11 28 383
23 38 306
36 9 816
30 58 752
68 70 544
29 26 690
66 62 257
78 47 413
65 14 633
23 66 983
62 77 367
