66 1480
62 7 293
12 23 502
7 58 255
5 29 698
35 38 458
57 45 28
33 64 106
9 64 784
45 8 480
14 47 755
53 22 114
22 35 344
19 48 661
28 3 145
5 27 850
38 33 860
1 5 261
65 27 698
12 55 833
32 13 390
21 59 926
13 23 716
45 46 475
61 33 217
33 4 42
58 39 466
44 6 41
48 2 474
29 21 963
36 16 988
13 59 399
17 50 501
33 45 844
25 62 755
10 16 169
19 65 11
33 63 642
45 22 531
62 16 283
9 20 312
62 40 111
22 26 890
11 3 643
3 53 595
11 26 838
31 36 734
61 15 620
19 13 894
53 66 784
44 42 508
48 32 128
5 7 613
13 43 9
16 6 275
11 2 618
17 59 547
39 56 584
23 1 455
23 20 511
40 11 799
66 8 373
14 16 7
12 57 524
47 38 882
48 15 691
19 12 252
57 14 277
35 11 431
36 5 342
29 57 874
4 38 938
40 45 351
59 31 630
55 2 407
45 66 355
5 5 545
3 56 468
22 37 75
40 10 423
47 62 884
9 39 647
66 37 436
58 27 726
23 28 994
43 53 281
4 37 116
38 24 510
52 41 213
3 38 865
4 6 308
11 29 149
42 53 951
9 31 406
39 2 687
42 36 148
51 14 991
41 64 631
30 28 357
55 46 384
17 22 556
28 15 214
22 2 460
25 7 520
50 57 508
3 21 435
54 56 473
23 35 266
57 6 531
15 8 56
18 10 159
5 48 840
66 60 348
65 55 314
21 57 917
12 58 512
43 38 997
58 32 158
16 39 431
66 56 746
40 9 735
25 52 898
41 26 239
49 56 415
28 61 715
38 12 258
65 4 202
63 35 426
30 4 983
29 26 666
21 52 358
17 10 54
60 2 887
47 24 266
59 44 409
25 63 715
44 34 735
9 7 331
36 32 562
50 15 989
6 56 580
3 20 979
32 19 163
12 32 13
61 6 353
51 25 665
66 4 716
20 17 920
21 46 878
31 47 553
2 63 550
9 8 535
3 9 624
55 61 970
34 58 447
16 5 914
27 11 358
41 65 647
29 58 437
21 17 417
2 52 224
22 49 391
5 54 334
17 19 914
33 24 796
29 41 218
30 50 444
17 2 231
63 46 161
15 53 366
26 37 620
42 60 41
6 1 262
30 20 695
19 7 599
53 61 717
62 2 235
26 20 379
29 51 337
31 21 290
34 15 325
31 18 287
13 27 479
64 54 380
52 29 448
54 6 448
24 36 554
55 41 741
30 65 401
13 66 773
64 49 628
21 58 259
22 10 811
56 64 404
66 2 346
46 14 895
10 2 161
64 58 547
8 54 3
59 52 38
51 19 110
43 65 484
25 8 391
9 22 967
19 66 481
3 13 89
7 61 562
2 23 675
60 25 166
9 10 906
42 19 220
63 1 255
57 1 375
41 53 984
25 28 479
45 35 923
7 37 147
50 54 791
61 44 336
19 40 632
22 30 817
23 34 298
16 49 679
66 23 621
45 13 704
7 23 946
21 4 659
43 4 267
38 17 578
35 40 280
27 33 105
43 19 272
44 7 900
62 54 267
33 8 830
28 49 368
48 29 745
61 30 493
42 13 208
33 53 855
62 52 454
4 42 489
22 39 761
21 55 830
44 21 52
57 22 303
44 18 880
50 18 501
17 41 696
41 22 113
51 12 519
40 26 930
22 11 896
17 44 223
18 65 583
53 46 131
21 15 489
46 56 351
28 57 950
1 59 743
17 47 947
38 9 78
17 61 274
64 57 241
12 14 848
7 29 846
50 62 81
50 22 778
45 24 365
40 33 141
4 20 449
66 61 393
7 33 48
53 52 590
51 52 281
27 44 298
33 34 96
24 34 967
65 10 687
45 60 481
40 8 481
19 44 350
29 53 351
36 8 617
4 10 784
31 56 780
65 40 656
35 53 605
38 7 792
7 24 21
8 18 825
44 52 183
59 10 766
27 22 947
4 16 474
49 27 533
25 16 930
28 39 830
46 31 371
25 20 499
46 46 331
8 65 854
32 64 665
3 5 513
13 64 474
63 4 878
54 1 943
15 52 32
50 49 7
57 56 1000
1 51 307
44 9 257
31 20 447
29 50 680
22 48 556
25 50 680
18 13 431
50 32 662
58 41 325
27 57 802
11 17 298
26 32 968
54 20 899
26 59 532
25 30 984
45 12 284
19 6 321
29 59 316
56 33 592
47 28 281
6 58 913
43 48 813
3 17 78
45 39 373
62 43 702
20 36 560
60 24 913
4 7 867
19 34 199
44 43 624
7 36 824
22 8 139
14 62 412
15 46 469
35 29 734
51 47 927
10 5 568
64 5 232
52 12 30
12 8 649
16 45 807
34 22 359
13 28 446
35 4 289
46 44 749
4 48 984
3 23 309
5 58 142
36 54 831
14 34 951
10 46 886
61 50 250
56 28 465
47 65 192
21 10 973
7 7 858
66 21 471
2 20 604
62 59 458
18 7 392
7 55 170
52 19 390
19 54 881
49 49 614
11 18 311
21 34 508
19 16 916
42 58 37
30 26 983
61 39 841
33 23 496
58 20 235
28 1 849
35 58 424
46 54 960
22 44 224
9 33 75
50 24 726
7 48 907
53 30 475
41 11 520
35 33 427
8 59 907
50 3 966
1 52 479
21 26 101
59 47 221
64 7 319
13 22 379
50 47 388
45 26 533
47 57 194
32 62 770
31 1 990
10 32 195
41 8 933
21 41 426
3 1 392
30 58 762
63 18 511
43 34 394
59 5 115
16 64 812
49 42 950
1 12 313
12 31 185
44 58 42
51 24 627
36 34 659
45 64 403
22 43 265
60 4 562
26 15 887
26 63 913
41 46 478
63 27 454
55 19 336
21 36 701
2 31 771
41 30 729
36 53 834
26 65 192
40 41 69
35 49 554
27 51 114
17 26 260
46 9 965
58 8 952
50 6 247
10 25 163
58 3 518
9 14 36
45 20 678
33 41 140
32 34 389
6 13 19
34 6 21
10 51 554
26 18 694
5 42 451
48 65 247
54 66 398
18 29 399
61 22 374
65 39 35
6 30 332
64 34 189
13 63 568
35 6 699
44 49 371
35 66 258
52 7 649
37 63 811
47 60 673
42 18 760
51 39 296
58 25 723
40 58 833
16 31 166
4 54 855
51 31 525
51 44 134
57 63 848
22 52 550
22 29 696
62 9 542
44 47 111
39 52 533
45 18 331
29 45 171
44 35 860
23 46 495
63 14 971
15 27 774
2 34 962
11 9 51
66 58 207
37 19 209
64 65 972
4 41 837
40 64 101
19 24 684
1 42 859
47 25 362
33 52 649
39 25 784
51 66 445
1 22 902
44 29 438
24 54 140
53 40 406
34 53 502
49 38 572
37 20 328
4 53 496
60 32 289
46 32 593
39 10 548
38 16 815
7 28 389
43 42 430
15 20 296
12 36 658
23 8 332
30 38 56
37 31 976
25 29 655
10 42 535
12 43 97
42 57 353
5 44 667
3 51 697
30 45 87
51 49 438
37 60 209
42 35 268
27 39 55
28 31 734
32 23 103
62 33 144
17 39 348
49 66 247
62 42 274
30 56 302
49 62 529
35 60 296
22 3 949
9 66 92
16 52 518
65 23 441
19 5 297
37 47 863
3 19 248
16 12 700
5 34 911
64 30 789
3 61 732
62 1 882
33 16 914
21 30 35
56 56 381
65 38 113
52 9 247
66 39 121
20 44 845
31 22 110
42 50 582
48 3 8
56 58 326
8 38 870
59 50 152
48 49 337
42 21 137
50 23 638
31 13 443
2 56 372
63 38 38
52 35 964
3 62 933
23 29 252
10 63 476
55 58 34
56 36 217
41 27 395
17 1 152
25 54 553
35 30 45
36 41 699
61 16 88
20 46 566
21 63 639
33 65 954
65 11 329
52 6 667
13 39 214
63 32 951
59 4 93
65 62 642
2 36 981
36 28 367
66 57 783
34 62 793
53 53 97
64 17 890
44 39 522
5 22 982
26 58 555
60 63 783
56 52 422
15 65 43
2 24 409
49 15 395
33 49 359
25 41 884
41 38 98
7 56 559
45 54 434
39 31 297
24 29 258
20 53 526
56 61 231
36 52 379
40 61 698
2 37 100
15 40 480
55 50 554
28 58 134
43 37 896
32 31 360
19 26 106
39 47 768
31 31 961
18 49 651
42 28 424
59 37 143
10 30 892
45 28 161
44 15 504
50 39 201
16 15 586
53 17 819
35 26 148
31 6 5
5 50 127
5 62 108
28 18 482
16 42 563
29 66 212
38 36 102
33 44 733
43 15 804
34 59 997
64 52 399
58 53 842
32 39 359
8 7 829
35 19 522
27 35 444
61 9 200
56 29 637
48 50 340
17 36 124
10 58 728
2 46 762
7 60 294
60 51 713
15 12 130
8 52 289
34 29 664
66 18 82
16 54 333
36 57 965
33 5 345
5 26 889
5 9 735
1 58 172
11 1 640
51 45 544
10 1 834
40 40 291
64 37 469
36 14 713
30 39 763
39 43 409
30 52 556
33 18 208
27 26 881
59 43 91
45 1 795
11 62 441
13 5 903
54 49 758
29 20 878
24 10 666
10 33 38
17 52 491
53 62 886
41 3 438
14 33 720
11 57 382
53 49 635
5 35 895
3 37 195
17 15 332
4 15 286
28 11 911
22 65 271
4 56 400
11 30 641
49 31 184
47 32 29
42 34 61
37 27 621
30 34 354
56 20 375
21 9 199
54 53 280
28 33 484
6 60 956
55 26 739
33 39 217
64 63 630
14 27 548
57 41 822
13 58 581
54 7 831
36 18 746
62 48 944
62 8 766
20 20 167
1 55 398
28 35 904
23 31 689
38 11 524
14 66 291
51 62 672
12 33 352
13 44 260
58 9 796
8 51 253
12 41 554
52 18 141
35 15 568
48 47 708
57 53 217
43 8 951
5 8 389
54 13 699
7 59 997
1 20 596
14 6 976
21 14 8
2 58 879
14 22 661
46 38 982
17 48 801
12 4 223
10 49 133
38 25 721
16 59 628
27 27 961
41 31 304
54 40 108
37 5 950
20 33 349
62 57 472
35 37 962
41 44 202
17 18 311
52 50 774
35 13 952
18 43 3
46 12 964
12 28 315
2 13 909
37 61 979
20 34 433
8 20 897
8 57 794
57 37 708
23 27 72
36 44 222
63 43 741
34 16 918
8 37 111
35 7 156
23 23 600
10 47 849
20 22 269
55 5 389
54 38 192
24 3 542
64 3 8
39 46 203
4 31 332
16 24 305
37 52 681
19 57 691
9 25 985
4 22 344
30 60 173
35 24 524
17 60 497
62 36 812
53 19 874
63 6 677
37 23 208
48 53 737
3 10 23
31 62 225
21 56 9
39 41 102
9 50 173
53 63 435
50 56 792
24 20 64
40 16 751
7 12 482
53 44 376
47 3 495
9 36 235
41 23 434
14 37 233
60 14 608
64 59 94
49 24 62
5 30 387
37 53 558
59 2 650
25 46 214
48 37 926
31 40 17
12 61 60
66 63 128
11 55 260
30 66 696
18 47 180
12 34 874
60 11 189
6 28 215
66 5 80
55 3 307
46 61 993
2 6 332
36 39 186
48 24 854
8 10 479
17 23 142
30 54 455
49 26 500
44 50 807
60 53 333
62 24 530
43 23 154
7 53 471
32 28 710
23 55 625
44 2 190
2 28 926
52 48 894
64 28 35
61 32 703
18 6 530
43 35 625
42 2 507
59 38 797
55 60 892
66 66 3
33 42 247
11 56 441
43 41 170
9 6 341
42 38 633
3 30 730
6 51 154
10 31 544
24 26 959
34 66 111
64 26 28
62 4 427
51 26 935
13 34 794
29 49 412
52 10 457
6 42 359
27 40 779
44 12 105
57 26 693
43 57 300
13 1 407
13 12 525
10 20 237
54 33 861
11 19 610
12 42 795
4 24 476
37 29 723
6 5 172
59 57 147
49 21 653
32 41 545
20 62 65
24 63 305
32 35 19
24 31 697
62 61 143
20 19 53
50 1 966
11 16 890
30 30 943
4 34 700
55 44 137
59 58 535
20 61 966
21 16 119
37 25 103
38 53 335
37 33 523
50 38 497
17 40 785
49 39 503
52 40 867
25 45 965
10 36 301
40 29 992
52 20 598
57 65 337
27 47 68
45 11 18
16 41 204
64 19 970
5 11 198
65 9 87
5 53 982
25 5 531
55 34 559
41 13 267
16 58 382
6 17 746
55 27 596
43 31 581
37 41 26
64 24 479
51 30 566
25 15 689
39 14 447
31 63 54
62 10 358
40 50 59
57 38 16
12 12 316
57 31 659
10 53 61
1 44 300
40 60 799
30 23 852
29 33 911
39 34 385
55 49 387
49 60 988
51 5 443
46 58 129
57 20 135
21 23 954
51 42 560
64 1 992
16 43 885
5 12 936
59 15 141
2 26 543
16 66 117
15 30 414
18 15 324
11 59 730
61 23 618
18 37 548
56 9 15
21 21 925
34 37 155
3 26 107
18 46 355
60 41 758
21 19 243
34 1 703
17 9 945
25 59 5
12 3 195
26 34 963
16 32 638
49 52 734
13 61 607
64 27 634
59 65 407
15 11 183
13 17 897
43 14 936
25 3 538
65 53 646
24 11 582
5 21 577
3 8 184
50 45 520
59 48 292
24 61 41
54 39 76
22 40 119
13 16 157
64 12 693
56 40 585
44 28 386
8 13 320
51 35 77
34 9 501
10 10 370
52 58 209
50 13 534
61 8 911
36 61 608
36 15 974
34 17 733
14 40 910
20 38 817
2 35 708
47 11 724
61 14 939
12 9 117
37 46 816
30 12 724
28 66 158
18 60 585
55 39 425
51 37 837
18 4 795
22 36 200
55 14 334
26 48 35
19 41 313
23 56 208
4 32 304
7 32 328
20 11 776
2 47 651
52 11 608
18 56 778
22 64 839
45 37 371
64 38 917
5 41 417
25 57 712
47 40 482
23 47 518
32 55 715
42 25 795
46 26 256
34 50 572
18 41 86
50 41 233
43 28 592
54 14 386
30 32 199
65 31 424
33 57 978
54 29 582
40 48 160
34 61 939
28 46 993
51 36 31
10 15 519
43 40 302
41 10 12
59 55 542
15 64 991
2 30 191
28 51 62
60 50 850
48 11 532
49 6 546
57 55 42
16 46 755
55 51 355
62 41 745
14 50 313
42 56 155
60 29 677
28 10 682
49 57 258
1 41 557
13 62 50
26 16 615
22 47 416
23 58 303
14 52 1000
27 12 59
15 63 72
28 24 32
34 54 614
53 55 782
30 49 262
32 43 711
47 34 872
20 43 85
10 27 160
63 44 204
65 36 420
40 20 94
50 36 790
39 23 348
15 55 190
60 22 454
4 46 90
41 35 152
46 19 355
7 20 491
59 6 855
26 12 745
13 40 847
10 23 94
8 21 794
5 24 717
32 11 192
43 25 147
6 65 672
7 3 190
6 21 228
25 61 504
22 22 731
53 25 448
8 46 548
54 58 158
2 21 901
27 30 926
50 35 773
45 36 896
14 48 247
55 48 548
49 65 477
61 5 426
51 61 6
38 38 108
16 1 529
41 45 355
27 24 808
59 30 304
14 23 529
31 54 69
46 24 425
4 28 444
62 46 890
38 44 956
59 33 677
13 10 69
47 20 549
42 63 495
49 3 424
37 44 315
21 7 438
6 3 786
40 6 85
43 10 476
49 19 904
40 1 369
55 18 965
66 20 660
61 52 79
2 33 983
6 41 384
44 11 477
45 17 598
11 11 281
20 51 201
45 48 152
31 15 647
41 20 151
34 65 627
49 40 93
34 27 282
20 64 298
43 6 763
29 42 199
3 39 996
63 55 34
9 43 462
43 49 385
45 61 651
9 13 238
2 32 275
23 4 188
29 39 839
5 28 441
7 14 473
16 65 349
49 61 940
16 30 118
22 7 630
26 31 751
35 31 580
63 52 428
14 59 413
61 11 12
44 31 510
3 3 345
62 12 840
54 11 522
53 64 254
46 35 8
1 18 831
24 30 62
31 58 558
51 22 104
13 15 799
28 52 657
2 12 565
26 53 83
60 13 954
38 45 608
3 2 848
8 30 41
24 44 238
25 13 263
62 39 803
49 36 716
51 15 576
43 43 679
36 59 663
22 15 581
13 26 914
9 45 436
60 44 484
24 12 288
25 24 950
65 29 805
55 33 30
37 37 317
23 38 695
30 36 899
59 56 484
27 62 82
3 16 839
19 58 249
48 60 104
30 19 447
6 11 165
23 44 784
54 54 804
47 5 326
27 20 843
39 59 245
23 15 142
21 54 89
49 25 529
15 1 960
38 52 235
60 38 728
63 22 220
25 36 63
39 35 373
37 55 516
11 7 604
55 55 957
28 34 220
23 49 406
9 26 71
60 15 569
16 55 501
7 10 184
13 20 608
47 19 821
43 50 381
32 27 927
47 36 749
25 26 782
61 29 837
50 2 26
35 55 840
54 61 949
37 49 9
12 59 719
48 64 681
29 8 621
54 23 686
59 63 918
43 17 287
27 38 338
25 21 170
62 66 370
63 40 694
31 42 152
35 56 385
1 56 973
23 24 979
17 62 944
20 5 228
33 46 75
56 13 66
38 13 130
54 41 235
27 42 700
6 29 215
7 39 401
36 33 526
37 65 664
37 32 15
52 45 450
28 53 725
41 41 70
24 55 70
7 65 911
48 42 266
57 13 364
1 7 611
51 48 223
49 41 479
54 55 435
25 44 644
50 66 658
48 31 900
14 38 46
66 59 91
1 43 116
23 64 881
1 60 675
41 9 765
47 1 455
38 58 621
32 57 863
47 13 935
32 1 198
9 51 565
55 36 623
28 8 480
5 45 798
49 1 53
13 37 849
38 56 986
50 11 160
64 4 264
1 66 500
60 64 78
15 29 282
61 48 59
11 42 269
4 1 843
34 49 184
32 40 867
3 15 549
25 11 312
46 29 823
9 57 160
3 36 278
9 48 797
60 57 173
52 31 41
27 31 921
21 62 791
10 45 829
40 51 651
27 61 701
1 46 965
7 34 852
48 35 9
19 8 204
38 37 854
5 14 935
47 26 59
21 22 351
21 50 960
33 47 297
49 13 176
37 56 908
27 9 470
5 40 130
55 47 194
61 43 330
33 22 159
45 43 990
56 12 981
32 17 681
16 28 338
34 63 519
55 13 692
16 56 481
60 60 630
59 32 117
27 46 734
41 47 536
33 15 300
27 45 96
58 24 494
21 51 372
18 62 297
30 31 254
39 1 627
35 62 510
63 56 818
9 18 957
34 38 651
32 33 36
39 40 229
28 62 425
48 16 391
10 26 385
52 60 82
35 14 128
57 10 208
47 64 314
60 16 485
8 53 198
50 28 600
13 51 510
57 15 431
48 20 158
16 23 413
63 8 565
35 21 699
53 56 675
43 11 387
21 20 771
3 65 416
57 7 53
14 4 102
3 18 279
24 22 442
50 53 465
27 56 56
33 25 728
19 1 844
59 35 64
19 33 568
52 26 804
23 22 124
2 29 778
19 27 564
19 63 206
66 42 300
55 43 764
21 37 102
59 53 964
26 38 379
2 65 668
43 29 9
39 19 304
55 42 417
59 42 76
38 55 568
44 57 11
50 27 894
4 3 973
58 11 905
59 27 17
54 60 13
39 48 146
49 63 148
51 16 423
45 4 86
55 31 991
36 64 342
29 32 415
18 53 50
17 7 469
40 18 115
30 40 866
36 43 931
63 47 798
40 12 522
22 42 334
23 63 581
53 27 906
56 22 909
59 24 161
54 59 557
12 60 341
48 41 454
20 16 605
54 17 904
13 52 956
29 64 299
46 40 430
56 14 191
8 11 994
2 4 510
28 37 154
23 9 555
40 59 529
58 51 564
27 60 388
15 62 766
55 25 85
34 45 600
14 41 251
29 12 297
4 27 311
